3
3 3
23 19
0 0 0 0 0.5 1 1.5 2 2.5 3 3.5 4 4.5 5 5.5 6 6.5 7 7.5 8 8.5 9 9.5 10 10 10 10 
0 0 0 0 0.5 1 1.5 2 2.5 3 3.5 4 4.5 5 5.5 6 6.5 7 7.5 8 8 8 8 
0.572040360772995 -0.959987539318455 0.94 1
0.548004672613533 -0.917610638249557 0.936092334967912 1
0.500686428772181 -0.834160289049303 0.928399447391243 1
0.435216234268962 -0.718705555888753 0.917755458835275 1
0.378500984850654 -0.618782045195247 0.908534828434861 1
0.32748576121622 -0.528813524094545 0.900240894673622 1
0.279115644064624 -0.443223759712408 0.892376996035178 1
0.232224749367679 -0.360683856746237 0.884753585866313 1
0.185647193097198 -0.279864919893433 0.877181117513807 1
0.137562823879726 -0.194905945974443 0.86936367509508 1
0.0861514903418102 -0.0999459318097096 0.86100534272755 1
0.0596116029318659 5.22082986189124E-06 0.856690550935473 1
0.0861415720983084 0.0999376101733681 0.861003730243104 1
0.137549955793139 0.194879034614981 0.869361583032158 1
0.185645311968359 0.279857292548873 0.877180811684353 1
0.232229133075345 0.360691830490096 0.884754298559082 1
0.279102911565477 0.443202094953701 0.89237492601574 1
0.32745955192086 0.528767108595517 0.900236633628699 1
0.378491958623602 0.61876589407137 0.908533360972328 1
0.435226932160614 0.718724469165168 0.917757198073064 1
0.500691273018811 0.834168851660817 0.928400234957342 1
0.548003987649034 0.917609409855731 0.936092223608013 1
0.572040360772995 0.959987539318455 0.94 1
0.572040360772995 -0.959987539318454 0.927157385894731 1
0.549745848222473 -0.917954066070202 0.923208527923738 1
0.50535784945803 -0.83505198248718 0.915153200617302 1
0.442354834008791 -0.720077774072437 0.903056727966006 1
0.385906704944596 -0.620366810836826 0.89140612602478 1
0.333891599468175 -0.530419794897742 0.880220571935092 1
0.284187654782255 -0.444737428372577 0.869519242838415 1
0.235785012464554 -0.361992172212365 0.859179271140264 1
0.187673814092786 -0.280856487368138 0.849077789246158 1
0.138339543869594 -0.195540852866733 0.839128266473892 1
0.0862676859976166 -0.100255747734986 0.829244172141264 1
0.059544959406453 5.09623797614704E-06 0.824318145852107 1
0.0862580830257015 0.100247947263026 0.829242827210256 1
0.138327270398601 0.195515135315833 0.839126606310245 1
0.187672735068389 0.280848990372066 0.849077873246611 1
0.235790317504073 0.361999451460765 0.859180403096178 1
0.284175858174655 0.444716457610969 0.869517970935772 1
0.333866234791247 0.530375311981863 0.880217323048837 1
0.385898325064958 0.620351317732632 0.891405205718822 1
0.44236590032828 0.720095834068582 0.903058459200859 1
0.505362731913704 0.835060220195015 0.915153923750082 1
0.549745122967762 0.917952933260348 0.923208416502876 1
0.572040360772995 0.959987539318454 0.927157385894731 1
0.572040360772995 -0.959987539318454 0.901900280436221 1
0.553143770382114 -0.918629473165078 0.897886860605226 1
0.514499737635107 -0.836805643775496 0.889130483449175 1
0.456431943243929 -0.722776466028238 0.874125645097386 1
0.40071321420715 -0.6234835122037 0.857568873992359 1
0.346997867657159 -0.533578789689469 0.840530507576587 1
0.294940220726341 -0.44771430587313 0.824080883292563 1
0.243829389093592 -0.364565189000765 0.808233179339449 1
0.192954488437805 -0.282806567318457 0.793000573916406 1
0.141380884965977 -0.196789501327377 0.778721544918063 1
0.088173944885108 -0.100865051528698 0.76573457023905 1
0.0611598902852925 4.85120776851436E-06 0.759563894706773 1
0.0881649432566269 0.100858276012209 0.765733763148636 1
0.141369745648254 0.19676613159694 0.778720756136726 1
0.192954939309317 0.282799326674282 0.793001454243128 1
0.243836447799789 0.364571102410208 0.808235172184165 1
0.294930194679643 0.447694699970695 0.824081224676164 1
0.346974093470199 0.53353810751518 0.840529293278763 1
0.40070605769278 0.6234693132031 0.857569059551605 1
0.456443715366269 0.722792847908891 0.874127372296601 1
0.51450469450955 0.83681324250699 0.889131080315664 1
0.553142967620968 0.918628528336764 0.897886747985292 1
0.572040360772995 0.959987539318454 0.901900280436221 1
0.572040360772995 -0.959987539318455 0.864578835214341 1
0.55806441998723 -0.919627496035732 0.860485768447023 1
0.527836380163251 -0.839396961051243 0.850704726546786 1
0.47737718992786 -0.726764218471379 0.831352687349757 1
0.42351221345097 -0.628088940942388 0.807424420556188 1
0.368296666363557 -0.53824671378176 0.781578646999538 1
0.313785764296598 -0.452113122306984 0.756474087513271 1
0.259680457819368 -0.368367236122597 0.732329652279242 1
0.205681697501144 -0.285688124833137 0.709364251479306 1
0.151631104744194 -0.198634580732415 0.688557039772862 1
0.0973703009507884 -0.101765396114245 0.670887171819307 1
0.0701853002664807 4.48913672461675E-06 0.66283657348446 1
0.0973621168368265 0.101760135135841 0.670887170634138 1
0.151621507262031 0.198614680286249 0.688557559649391 1
0.205684228142298 0.285681262991094 0.709366336911267 1
0.259689886230195 0.368371131285489 0.732332952025016 1
0.313778088278286 0.452095533204546 0.75647685459589 1
0.368274973963657 0.538211647816264 0.781580481281408 1
0.423506682963395 0.628076654188644 0.807426268739091 1
0.477389933612117 0.726778120665875 0.831354419793123 1
0.527841444244444 0.839403615592147 0.850705137267689 1
0.558063509279408 0.919626828980433 0.860485653021821 1
0.572040360772995 0.959987539318455 0.864578835214341 1
0.572040360772995 -0.959987539318455 0.827101447668156 1
0.562885889498368 -0.920629689002309 0.82290965361844 1
0.54102350280032 -0.841999105775854 0.812086278204728 1
0.498581873007798 -0.730768633168097 0.788427926102977 1
0.44750447617076 -0.632713612806684 0.757242357981707 1
0.391990482860583 -0.542934142127453 0.722741514988246 1
0.33623906364864 -0.456530318566246 0.689137338269923 1
0.280328982803714 -0.37218516955446 0.656849733547222 1
0.224339004594583 -0.288581722523492 0.626298606540625 1
0.168794037439751 -0.200487369537409 0.599091401945107 1
0.114218989757719 -0.102669502660273 0.576835564455641 1
0.0871720837845306 4.12555352425487E-06 0.566945686189329 1
0.114211541756232 0.102665762549592 0.576836359263272 1
0.168785828238212 0.200470952872645 0.599093210897023 1
0.224343407795859 0.2885752410674 0.626301868310137 1
0.280340526319474 0.372187038038689 0.656854304242226 1
0.336233429699359 0.456514754691343 0.689142491432903 1
0.391970560592641 0.542904715837686 0.722746360430616 1
0.447500361656448 0.632703246290042 0.75724584178381 1
0.498595507127723 0.730780045315454 0.788429650475004 1
0.541028671243411 0.842004812180966 0.812086501486715 1
0.562884878247852 0.920629300880638 0.822909536606097 1
0.572040360772995 0.959987539318455 0.827101447668156 1
0.572040360772995 -0.959987539318455 0.789111256710469 1
0.567613369518749 -0.921645594983758 0.784757179694914 1
0.554116876931887 -0.844636855668815 0.772832788970533 1
0.52030636830167 -0.734827840305037 0.745005136823045 1
0.473291850406715 -0.637401564095173 0.706944062633535 1
0.419089130781431 -0.547685708594663 0.664297287558075 1
0.36371401696023 -0.46100795535895 0.622712532752742 1
0.307580508644165 -0.376055343801273 0.582794881829604 1
0.251102605534284 -0.291514913334875 0.545149418400731 1
0.195369322862458 -0.20236551006651 0.511970492384536 1
0.141469675860556 -0.103585980102929 0.485452453699434 1
0.114976557495723 3.75699635454547E-06 0.473859045596985 1
0.141462860735105 0.103583781671828 0.485454011328748 1
0.195362307196239 0.202352624853394 0.511973524932087 1
0.251108618496662 0.291508817470956 0.545153760444363 1
0.307593842857428 0.376055157876904 0.582800603456557 1
0.36371002849959 0.460994444423627 0.622719939559653 1
0.419070574904267 0.547661999148905 0.664305018939819 1
0.473288881552576 0.637393144090516 0.70694909178322 1
0.520320791240992 0.73483672833396 0.745006808759494 1
0.554122146765988 0.844641600964737 0.772832820538273 1
0.567612266843373 0.921645489612337 0.784757065154376 1
0.572040360772995 0.959987539318455 0.789111256710469 1
0.572040360772995 -0.959987539318455 0.750251401254084 1
0.572252050651589 -0.922684756899027 0.74562701025188 1
0.567172273943522 -0.847334988449614 0.732501909391735 1
0.542811051627408 -0.738979970068842 0.700738094975962 1
0.501476184199026 -0.64219683110644 0.656450910876289 1
0.450602423759295 -0.552546047051503 0.606524140724393 1
0.39762452240913 -0.465588093393128 0.557841568151951 1
0.343240579938259 -0.380014113367958 0.511166555812602 1
0.288148696136408 -0.294515250212639 0.467262466359989 1
0.233856600822125 -0.204286644643872 0.428840172040886 1
0.181872023813957 -0.104523437378359 0.398610545102068 1
0.156455038056339 3.38000340260533E-06 0.385544464483034 1
0.181865716493707 0.104522815920916 0.398612809123282 1
0.233850542755554 0.204277371725762 0.428844316807048 1
0.28815600047137 0.29450954876952 0.467267725318568 1
0.343255310633855 0.380011826007231 0.511173224288772 1
0.397621694235706 0.465576682393937 0.557851003348587 1
0.450584738445651 0.552528185319376 0.606534545022446 1
0.501474030432416 0.642190402173285 0.656457331834779 1
0.542826141279829 0.738986276197723 0.700739639063844 1
0.567177642071716 0.847338750634749 0.732501741987897 1
0.572250867383043 0.922684940750488 0.745626905082915 1
0.572040360772995 0.959987539318455 0.750251401254084 1
0.572040360772995 -0.959987539318455 0.71109696180116 1
0.576721065333935 -0.923731796364719 0.706064774587769 1
0.579975542223063 -0.850053574902451 0.691633150621606 1
0.565780425773719 -0.743163575785518 0.656329929852477 1
0.531752442456564 -0.647028449485914 0.606816888061723 1
0.486299350760993 -0.55744323016195 0.550921277344787 1
0.4378289091764 -0.470202951971943 0.496470349797112 1
0.387264330120978 -0.384002893085701 0.444346520776068 1
0.335528826012922 -0.297538331673038 0.395432205639021 1
0.284387433344046 -0.206222342720104 0.352849893746327 1
0.235605188606164 -0.105468001213051 0.31972207445834 1
0.211802368030677 3.00015379610819E-06 0.305522507924074 1
0.235599247848984 0.105468968686114 0.31972495429254 1
0.28438206644104 0.206216709482733 0.352854978196527 1
0.335537062186798 0.297533027642486 0.395438144268826 1
0.387280015422883 0.383998488359748 0.444353844113474 1
0.43782670648592 0.470193656828895 0.496481469334506 1
0.486281994605542 0.557431260473782 0.550934012483728 1
0.531750739011385 0.647024026718264 0.606824466112944 1
0.565796041472449 0.743167280441861 0.656331248772691 1
0.579981003757736 0.850056346524092 0.691632779013507 1
0.576719814298265 0.923732271631531 0.706064687745892 1
0.572040360772995 0.959987539318455 0.71109696180116 1
0.572040360772995 -0.959987539318455 0.672223018853854 1
0.580939546002835 -0.924771334997434 0.666616102001011 1
0.592312530158345 -0.852752685811528 0.65076602381342 1
0.588898993529312 -0.747317210781073 0.612483770743341 1
0.563815590088196 -0.651825454879022 0.559095979541589 1
0.525948900753344 -0.56230533058998 0.498987900276845 1
0.4841855064431 -0.474784750398554 0.440544783017792 1
0.439606892627303 -0.387963097785688 0.384716541999851 1
0.393294544775792 -0.300539756232327 0.332453091458447 1
0.347093382453515 -0.208144173745814 0.28714911033303 1
0.302848325225421 -0.106405798333493 0.252199277563048 1
0.281213389983035 2.62302666272779E-06 0.237313740996702 1
0.302842593617881 0.106408343356677 0.25220264848219 1
0.347088409777581 0.208142154117291 0.287154900775146 1
0.393303312109761 0.300534846769249 0.332459398631207 1
0.43962304299864 0.387956590864532 0.384724140305264 1
0.484183344828442 0.474777555955122 0.44055712405221 1
0.525931286772688 0.562299210736806 0.499002495128895 1
0.5638139380049 0.651823023905368 0.559104398792171 1
0.588914976047069 0.747318332601491 0.612484745270669 1
0.592318078421188 0.852754473965856 0.650765444793022 1
0.580938242020441 0.924772099591903 0.666616044497484 1
0.572040360772995 0.959987539318455 0.672223018853854 1
0.572040360772995 -0.959987539318455 0.633762201417523 1
0.584945545167394 -0.92579982612903 0.627422375244545 1
0.604231041978313 -0.85542311242753 0.610051601873517 1
0.612012580619931 -0.751426703802579 0.569339457668256 1
0.597075322045661 -0.656571481000175 0.513388708240772 1
0.568405784409294 -0.567115759960674 0.450770372966824 1
0.534990485864619 -0.479317856624432 0.390055471222175 1
0.498017459977253 -0.391881216155111 0.332211659656447 1
0.458674740312814 -0.303509283716373 0.278206594919262 1
0.418751573055569 -0.210045580873211 0.231572247459364 1
0.380037204389787 -0.10733362919062 0.195840587725499 1
0.360980808845874 2.24990836495374E-06 0.180701364893154 1
0.380031560954236 0.107337735000707 0.195844328137813 1
0.418746766402322 0.210047136452301 0.231578516869281 1
0.458683730877581 0.303504764629043 0.27821297049736 1
0.498033700143159 0.391872629380616 0.332219167103733 1
0.534987919962205 0.479312740556707 0.390068584770085 1
0.568387466811156 0.567115427775048 0.450786368233032 1
0.59707341716645 0.656571020653375 0.513397662229192 1
0.612028806788403 0.751425270235717 0.569339974585084 1
0.604236671437333 0.855423927566108 0.610050813127226 1
0.5849441997989 0.92580087697635 0.627422357544919 1
0.572040360772995 0.959987539318455 0.633762201417523 1
0.572040360772995 -0.959987539318455 0.595847138497523 1
0.588777115336716 -0.926813723091362 0.588624977071309 1
0.615778881911912 -0.85805564600114 0.569640957708236 1
0.63496701277132 -0.755477883597108 0.527036830646926 1
0.630941333280698 -0.661250161563782 0.469795597084155 1
0.612524712401791 -0.571857929899112 0.406315058860979 1
0.588540019096346 -0.483786638601047 0.344993017818451 1
0.560245224690849 -0.395743736881164 0.286766913918351 1
0.528898300511785 -0.306436673951042 0.232574187122458 1
0.496139130055245 -0.211920007254503 0.185953730783698 1
0.463607596817321 -0.108248294235369 0.150444438255 1
0.447397329551656 1.88208526527567E-06 0.135468580805664 1
0.463601957011892 0.108253938686307 0.150448429704992 1
0.496134329952407 0.211925087310628 0.185960258805307 1
0.528907299127581 0.306432539701101 0.232580341958934 1
0.560261293638473 0.395733099767034 0.286773978748472 1
0.58853674258614 0.483783571417736 0.345006468756517 1
0.612505386585014 0.57186330325511 0.406332007071223 1
0.630938966249526 0.661251643881061 0.469804788780739 1
0.634983395481168 0.755473930903644 0.527036782743241 1
0.61578458818143 0.858055501930912 0.569639957816903 1
0.588775736882975 0.926815056129619 0.588625009095421 1
0.572040360772995 0.959987539318455 0.595847138497523 1
0.572040360772995 -0.959987539318455 0.558085461161056 1
0.592511090038078 -0.927823518328286 0.549813430860927 1
0.62713928744616 -0.860677529646549 0.52910050966243 1
0.657946452019454 -0.759512674322773 0.485151003995632 1
0.665423136881343 -0.665909914500855 0.427947832385448 1
0.658046183605197 -0.576580915364347 0.36533478504619 1
0.644292433764384 -0.488237342096801 0.305155652192171 1
0.625465008550438 -0.399590631759314 0.248266705778649 1
0.602867029154895 -0.309352221412987 0.195524217760884 1
0.577923657231321 -0.213786850633735 0.150336494610794 1
0.552060054433287 -0.109159258997475 0.1161118428003 1
0.538896771730213 1.51575067964963E-06 0.101741314797806 1
0.552054360091521 0.109166435865613 0.116115963071716 1
0.577918753957107 0.213795440909445 0.150343051569539 1
0.602875887766868 0.309348470444292 0.195529844238786 1
0.625480725628536 0.399577952600787 0.248272951822886 1
0.644288231649842 0.488236315509563 0.305168985065267 1
0.658025634011828 0.576591971180453 0.365352224575656 1
0.665420160895535 0.665913331623291 0.427956950963775 1
0.657962932233401 0.759506212693868 0.485150271830072 1
0.627145067957871 0.860676430247974 0.52909929477499 1
0.592509684018394 0.92782513241586 0.549813523632061 1
0.572040360772995 0.959987539318455 0.558085461161056 1
0.572040360772995 -0.959987539318455 0.52008480047532 1
0.596224302798754 -0.928839704283657 0.510577259993019 1
0.638495496068074 -0.863316006477945 0.487996676080952 1
0.681135060400306 -0.763573000137687 0.443257092030657 1
0.700530245935636 -0.670599157742408 0.387476600458358 1
0.704710696893874 -0.581333791315434 0.327542378609339 1
0.701706057494834 -0.492716212880097 0.270341603728886 1
0.692851633338369 -0.403461872585028 0.216595436230426 1
0.679482730024332 -0.312286220578861 0.167025036527388 1
0.662772758362576 -0.215665508754955 0.124763473245415 1
0.643895129162948 -0.110075989006671 0.0929438150101493 1
0.633912955011379 1.14709792403168E-06 0.0796454929331502 1
0.643889348493797 0.110084707990764 0.0929479381259779 1
0.66276769194569 0.215677631465924 0.124769820148297 1
0.679491367702544 0.312282855317481 0.167029808559773 1
0.692866898257302 0.403447138458874 0.216600462910381 1
0.701700806102908 0.49271723980354 0.270354342750094 1
0.704688797009166 0.581350565554538 0.32755983367852 1
0.700526576745881 0.670604521914925 0.387485321295266 1
0.681151607153143 0.763564013694984 0.443255543930508 1
0.638501350071043 0.863313945704996 0.487995239914422 1
0.596222871950889 0.928841601199224 0.510577425637913 1
0.572040360772995 0.959987539318455 0.52008480047532 1
0.572040360772995 -0.959987539318455 0.481987726304112 1
0.599919905786629 -0.929858468458148 0.471079811625367 1
0.649834184093551 -0.865961177528421 0.446511337892633 1
0.704421311806461 -0.767643627619909 0.401489095084088 1
0.735974295185472 -0.675300298310905 0.348385720982381 1
0.752014178175144 -0.586098726039354 0.292768757901183 1
0.760062004720037 -0.497206447243202 0.240205748154168 1
0.761477277916394 -0.407342935340433 0.191234122286756 1
0.757619500860456 -0.315227663749033 0.146391310844369 1
0.749387975503772 -0.217548933318889 0.108404496360142 1
0.737682003797894 -0.110995044899892 0.0800008613672145 1
0.730958934766965 7.77509999310994E-07 0.0681958415952458 1
0.737676117435127 0.111005309912829 0.0800048727738968 1
0.749382709411737 0.217564597427722 0.108410416571138 1
0.757627868306154 0.315224685173804 0.146394934654939 1
0.761492029819192 0.407326141033076 0.191237569255651 1
0.760055629651667 0.49720953288754 0.240217462603628 1
0.751990852255038 0.586121233210063 0.292785795858454 1
0.735969882080766 0.675307614473513 0.348393750179716 1
0.704437906036754 0.767632109957576 0.401486613921556 1
0.649840111030903 0.865958152941936 0.446509675438114 1
0.59991845182082 0.92986064891928 0.471080060938432 1
0.572040360772995 0.959987539318455 0.481987726304112 1
0.572040360772995 -0.959987539318455 0.443936808511228 1
0.603601051169588 -0.930875998352432 0.431484432915753 1
0.661142027838482 -0.868603143831069 0.404826376026303 1
0.7276936801305 -0.771709323347496 0.359981013488016 1
0.771466919372748 -0.679995743228814 0.310679013637014 1
0.799452553356327 -0.590857887823087 0.260844841272478 1
0.818641389872335 -0.501691241478383 0.21440296119359 1
0.830414121146268 -0.411219296007659 0.171663780960716 1
0.836151439403621 -0.318165543223871 0.132937708134223 1
0.836470850709676 -0.219430076026262 0.100429393627557 1
0.831989861129716 -0.111912987314071 0.0763434883541632 1
0.828547766368782 4.08369906376715E-07 0.0664070871676415 1
0.831983862131915 0.111924796482879 0.0763472849215916 1
0.836465371848831 0.219449277242492 0.100434692867618 1
0.836159518949243 0.318162950866392 0.132939922257326 1
0.830428338608625 0.411200444015174 0.171665328103394 1
0.818633866002446 0.501696383349431 0.214413265418502 1
0.799427776427454 0.590886120979722 0.260861072594098 1
0.771461745180393 0.680005009016601 0.310686088021631 1
0.727710314680597 0.771695277532226 0.359977496680219 1
0.661148027347404 0.868599156598751 0.40482448354898 1
0.60359957476855 0.930878462015599 0.431484775359078 1
0.572040360772995 0.959987539318455 0.443936808511228 1
0.572040360772995 -0.959987539318455 0.405965261417331 1
0.607271564784957 -0.931891405773365 0.391857136053036 1
0.672421222363164 -0.871239599236101 0.363032084437725 1
0.750921744618197 -0.775766538409424 0.318723924696304 1
0.806912589985817 -0.684681393882434 0.274101002978128 1
0.846848851529172 -0.595607122435035 0.231192819127099 1
0.877185622311407 -0.506166680847133 0.192028872987116 1
0.899323857959438 -0.415087570944659 0.156658841792637 1
0.914664514100184 -0.321097294553543 0.125132402778118 1
0.923541515778389 -0.22130729484373 0.0990407557533093 1
0.926288788038796 -0.112829014985166 0.0799751005279628 1
0.926128463442099 3.99998229725328E-08 0.0721996461308975 1
0.926282674548986 0.112842365088912 0.0799786015909325 1
0.923535820646426 0.221330025789309 0.0990452823086132 1
0.914672301021383 0.321095087608225 0.125133003684485 1
0.899337535572571 0.415066665559208 0.15665824012335 1
0.8771769441987 0.506173874655807 0.192037466030009 1
0.846822618717101 0.595641069633726 0.231207939134093 1
0.806906650945107 0.684692605228668 0.274106917165231 1
0.750938417303 0.775749969714712 0.318719292938361 1
0.672427294211064 0.87123465136594 0.363029959268423 1
0.607270066189221 0.931894152047834 0.391857578944298 1
0.572040360772995 0.959987539318455 0.405965261417331 1
0.572040360772995 -0.959987539318454 0.368106299343088 1
0.61093527247006 -0.932903802527806 0.352263933226073 1
0.683673962727891 -0.87386823759373 0.321218757082668 1
0.774075084515326 -0.779811723894671 0.277708906162816 1
0.842215778513033 -0.689353151658064 0.238396213561595 1
0.894026101785428 -0.600342275643594 0.203234881868922 1
0.935436111396932 -0.510628850610942 0.172179113674715 1
0.967868183287353 -0.41894437650939 0.144993734322854 1
0.992744693396501 -0.324020353288215 0.12144356915722 1
1.01012010250801 -0.223178947737953 0.102441173443049 1
1.02004887140552 -0.113742326649136 0.0888991024455809 1
1.02315003961218 -3.27278073157869E-07 0.0834939349655745 1
1.02004264665116 0.113757213118926 0.0889022498037898 1
1.01011419719398 0.223205197947248 0.102444818164997 1
0.992752195912148 0.324018530612281 0.121442411253966 1
0.967881331658003 0.41892142381922 0.14499080598526 1
0.935426293283879 0.51063809027326 0.172185779273442 1
0.893998428314667 0.600381919942288 0.203248670727078 1
0.842209084275257 0.689366302794189 0.238400819954733 1
0.774091798122289 0.779792639800811 0.277703103427844 1
0.683680106812404 0.873862331934002 0.321216397617845 1
0.610933751477975 0.93290683057564 0.352264481738541 1
0.572040360772995 0.959987539318454 0.368106299343088 1
0.572040360772995 -0.959987539318454 0.342752704744141 1
0.613398151109196 -0.933581789864993 0.32571034629287 1
0.691225780432852 -0.875628598354171 0.293150823870261 1
0.789567118251228 -0.782520725601306 0.250297162473683 1
0.865772097781631 -0.692481759686881 0.214839162111975 1
0.925440007505207 -0.603513338669012 0.185255173341075 1
0.974170135903101 -0.513617100605815 0.160023546716926 1
1.01340199384138 -0.421527222931451 0.138706825504242 1
1.0445750921861 -0.325977883080078 0.120867552967737 1
1.06756424896029 -0.224432366376816 0.106932793555381 1
1.08224428218698 -0.114353958146781 0.0973296117151435 1
1.08750544475205 -5.73238777295051E-07 0.0936116359749128 1
1.08223798954135 0.114369873498392 0.0973324948625786 1
1.06755821537994 0.224460973385586 0.106935796153534 1
1.04458242109283 0.325976317743663 0.120865147623173 1
1.01341480843328 0.421502899191112 0.138702253772612 1
0.974159579154566 0.513627710346423 0.160028819102969 1
0.925411394253458 0.603556798232433 0.185267967486834 1
0.865764914726743 0.692496209871982 0.214842822796798 1
0.789583865912851 0.782499956981331 0.250290548094044 1
0.69123197315021 0.875622051276745 0.293148306439758 1
0.613396614505433 0.933585006612341 0.325710968070274 1
0.572040360772995 0.959987539318454 0.342752704744141 1
0.572040360772995 -0.959987539318455 0.33 1
0.61464092817501 -0.933922813395115 0.312348811296028 1
0.695031093709564 -0.87651404916997 0.279023839070619 1
0.797353826119847 -0.783883337075639 0.23651674658601 1
0.877584434555467 -0.694055430603485 0.203038170260808 1
0.941164671125666 -0.605108364192141 0.176312429751422 1
0.993536287939687 -0.515120172280242 0.15406384471426 1
1.03614859786697 -0.422826379060646 0.135751647225841 1
1.07045091377696 -0.326962508726217 0.120835069362686 1
1.0962308795592 -0.22506282837148 0.109492765177136 1
1.11327613910326 -0.114661605090958 0.10190338872153 1
1.11961351131909 -6.9695554726773E-07 0.0990476190607887 1
1.11326981511663 0.114678037963858 0.101906135259829 1
1.09622478675838 0.225092620836091 0.109495437787378 1
1.07045816250681 0.326961072829989 0.120832027112165 1
1.03616125332651 0.422801365690337 0.135746237299001 1
0.993525370182039 0.515131471161922 0.154068402412696 1
0.941135595775074 0.605153742810633 0.176324709540096 1
0.877577012807274 0.694070534202357 0.203041345768044 1
0.797370593730836 0.783861721149215 0.236509720225194 1
0.695037310997957 0.876507179463323 0.2790212420402 1
0.614639383458626 0.933926125057177 0.312349470269089 1
0.572040360772995 0.959987539318455 0.33 1
