3
3 3
21 6
0 0 0 0 0.0555556666666667 0.111111333333333 0.166666661940922 0.222222333333333 0.277777666666667 0.333333323881844 0.388888666666667 0.444444333333333 0.499999985822766 0.555555666666667 0.611111333333333 0.666666657215178 0.722222333333333 0.777777666666667 0.833333328607589 0.888888666666667 0.944444333333333 1 1 1 1 
0 0 0 0 0.333333333333333 0.666666666666667 1 1 1 1 
0.572040360772995 -0.959987539318455 0.33 1
0.607069839377012 -0.938396555300018 0.315483103631548 1
0.675413789545224 -0.891402135944055 0.287169801180956 1
0.771042310706494 -0.809904060923293 0.247488169499651 1
0.8580414789676 -0.717830168290341 0.211221531626344 1
0.934668968303877 -0.61561140223285 0.178996716980669 1
0.99962397474974 -0.504511929457477 0.151415363781064 1
1.0516051461503 -0.385796751673291 0.129079341418261 1
1.08931157967941 -0.260729969008327 0.112590327761066 1
1.1122941176215 -0.131426597134984 0.1023643700707 1
1.12010368010176 -1.14740045920048E-06 0.0988174835173482 1
1.11229116196997 0.131431320894085 0.102365695860583 1
1.08930528862297 0.260748132380003 0.112593115631499 1
1.05159477410286 0.385827140586718 0.129083857953089 1
0.999608397364913 0.504545715500199 0.151422011566881 1
0.934649215647193 0.615642158342368 0.179005034893137 1
0.858020751551554 0.717853853610653 0.211230188154773 1
0.771025964022118 0.809919037091931 0.247494969225213 1
0.675405091471395 0.891408463292315 0.287173409684876 1
0.60706703885253 0.938398281448444 0.315484264223293 1
0.572040360772995 0.959987539318455 0.33 1
0.572040360772995 -0.959987539318455 0.293333333333333 1
0.60724008591593 -0.938374831524656 0.280429425450265 1
0.675855822324738 -0.891273696330158 0.255262045494183 1
0.771707302059323 -0.809517664506987 0.21998948399969 1
0.858766109564645 -0.717179852822137 0.187752472556751 1
0.935311318906485 -0.614783126102892 0.159108192871706 1
1.00010094118862 -0.503611778536035 0.134591434472057 1
1.05189243983572 -0.384950940121494 0.114737192371787 1
1.08944372664787 -0.260084839397723 0.10008029134317 1
1.11232093596542 -0.131079680266868 0.0909905511739556 1
1.12009027976838 -1.16297256039927E-06 0.0878377631265318 1
1.11231794495951 0.131084465960287 0.0909917296538519 1
1.0894373614434 0.260103245873221 0.100082769450221 1
1.05188194791609 0.384981743318303 0.114741207069412 1
1.00008518784263 0.503646041949678 0.134597343615005 1
0.935291343410891 0.614814335945617 0.159115586571677 1
0.858745141226699 0.717203902821789 0.187760167248687 1
0.7716907447681 0.809532872248921 0.21999552820019 1
0.67584699160873 0.891280116797138 0.255265253053224 1
0.607237236039635 0.938376580707306 0.280430457087371 1
0.572040360772995 0.959987539318455 0.293333333333333 1
0.572040360772995 -0.959987539318455 0.22 1
0.607580578993764 -0.938331383973932 0.210322069087699 1
0.676739887883764 -0.891016817102364 0.191446534120637 1
0.773037284764981 -0.808744871674375 0.164992112999767 1
0.860215370758736 -0.715879221885731 0.140814354417563 1
0.936596020111701 -0.613126573842976 0.119331144653779 1
1.00105487406637 -0.50181147669315 0.100943575854043 1
1.05246702720655 -0.3832593170179 0.0860528942788404 1
1.08970802058481 -0.258794580176516 0.0750602185073774 1
1.11237457265327 -0.130385846530635 0.0682429133804667 1
1.12006347910164 -1.19411676284542E-06 0.0658783223448988 1
1.11237151093861 0.130390756092689 0.0682437972403889 1
1.08970150708427 0.258813472859658 0.0750620770876657 1
1.05245629554255 0.383290948781471 0.0860559053020593 1
1.00103876879806 0.501846694848637 0.100948007711254 1
0.936575598938288 0.613158691152115 0.119336689928758 1
0.860193920576988 0.715904001244061 0.140820125436515 1
0.773020306260064 0.808760542562901 0.164996646150142 1
0.6767307918834 0.891023423806785 0.191448939789918 1
0.607577630413843 0.938333179225031 0.210322842815529 1
0.572040360772995 0.959987539318455 0.22 1
0.572040360772995 -0.959987539318455 0.11 1
0.608091318610515 -0.938266212647845 0.105161034543849 1
0.678065986222305 -0.890631498260673 0.0957232670603186 1
0.775032258823469 -0.807585682425457 0.0824960564998837 1
0.862389262549872 -0.713928275481122 0.0704071772087815 1
0.938523071919524 -0.610641745453102 0.0596655723268897 1
1.002485773383 -0.499111023928823 0.0504717879270215 1
1.05332890826279 -0.38072188236251 0.0430264471394202 1
1.09010446149021 -0.256859191344704 0.0375301092536887 1
1.11245502768505 -0.129345095926285 0.0341214566902334 1
1.12002327810152 -1.24083306630995E-06 0.0329391611724494 1
1.11245185990725 0.129350191291293 0.0341218986201945 1
1.09009772554557 0.256878813339314 0.0375310385438329 1
1.05331781698224 0.380754756976224 0.0430279526510297 1
1.0024691402312 0.499147674197075 0.0504740038556269 1
0.938501982229381 0.610675223961863 0.059668344964379 1
0.86236708960242 0.713954148877468 0.0704100627182577 1
0.77501464849801 0.80760204803387 0.0824983230750711 1
0.678056492295405 0.890638384321255 0.0957244698949588 1
0.608088221975156 0.938268077001617 0.105161421407764 1
0.572040360772994 0.959987539318455 0.11 1
0.572040360772995 -0.959987539318455 0.0366666666666667 1
0.60843181168835 -0.938222765097121 0.0350536781812832 1
0.678950051781332 -0.89037461903288 0.0319077556867729 1
0.776362241529126 -0.806812889592845 0.0274986854999613 1
0.863838523743963 -0.712627644544715 0.0234690590695938 1
0.93980777312474 -0.608985193193186 0.0198885241089632 1
1.00343970626076 -0.497310722085938 0.0168239293090072 1
1.05390349563362 -0.379030259258916 0.0143421490464734 1
1.09036875542715 -0.255568932123497 0.0125100364178962 1
1.1125086643729 -0.128651262190052 0.0113738188967445 1
1.11999647743478 -1.27197726867978E-06 0.0109797203908165 1
1.11250542588634 0.128656481423695 0.0113739662067315 1
1.09036187118643 0.255589040325752 0.0125103461812776 1
1.0538921646087 0.379063962439392 0.0143426508836766 1
1.00342272118663 0.497348327096034 0.0168246679518756 1
0.939786237756777 0.609019579168361 0.0198894483214597 1
0.863815868952709 0.71265424729974 0.0234700209060859 1
0.776344209989975 0.80682971834785 0.0274994410250237 1
0.678940292570075 0.890381691330902 0.031908156631653 1
0.608428616349364 0.938224675519341 0.0350538071359214 1
0.572040360772994 0.959987539318455 0.0366666666666667 1
0.572040360772995 -0.959987539318455 0 1
0.608602058227267 -0.938201041321759 0 1
0.679392084560845 -0.890246179418982 0 1
0.777027232881955 -0.806426493176539 0 1
0.864563154341008 -0.711977329076512 0 1
0.940450123727347 -0.608156917063228 0 1
1.00391667269964 -0.496410571164496 0 1
1.05419078931903 -0.378184447707119 0 1
1.09050090239562 -0.254923802512893 0 1
1.11253548271683 -0.128304345321935 0 1
1.1199830771014 -1.28754936987163E-06 0 1
1.11253220887589 0.128309626489896 0 1
1.09049394400687 0.25494415381897 0 1
1.05417933842193 0.378218565170977 0 1
1.00389951166434 0.496448653545513 0 1
0.940428365520475 0.608191756771611 0 1
0.864540258627853 0.712004296510876 0 1
0.777008990735957 0.806443553504839 0 1
0.67938219270741 0.890253344835725 0 1
0.608598813536469 0.938202974778203 0 1
0.572040360772995 0.959987539318455 0 1
