3
3 3
21 6
0 0 0 0 0.0555556666666667 0.111111333333333 0.166666661940922 0.222222333333333 0.277777666666667 0.333333323881845 0.388888666666667 0.444444333333333 0.499999985822767 0.555555666666667 0.611111333333333 0.666666657215178 0.722222333333333 0.777777666666667 0.833333328607589 0.888888666666667 0.944444333333333 1 1 1 1 
0 0 0 0 0.333333333333333 0.666666666666667 1 1 1 1 
0.545353415979797 0.975395254078656 0.33 1
0.509140336025119 0.994936180421841 0.315483103631548 1
0.434269999942649 1.03062656778451 0.287169801180956 1
0.315876336034505 1.07269425892612 0.247488169499651 1
0.192638421858495 1.10200080243188 0.211221531626345 1
0.0658006290410707 1.11725277179657 0.178996716980669 1
-0.0628918399523906 1.11795572109399 0.151415363781065 1
-0.191692785428564 1.10361514715325 0.129079341418261 1
-0.318857013150561 1.07373648514309 0.112590327761066 1
-0.442328286958908 1.02898826090771 0.1023643700707 1
-0.560050846372931 0.970038815540791 0.0988174835173482 1
-0.669968443732204 0.89755674222386 0.102365695860583 1
-0.770467150941914 0.812991986234233 0.112593115631498 1
-0.859933492269038 0.717794218566678 0.129083857953089 1
-0.936753605676224 0.613413408204166 0.15142201156688 1
-1.00048635658877 0.501608885206486 0.179005034893137 1
-1.05069004920716 0.384140841012537 0.211230188154773 1
-1.0869234431413 0.262768553274575 0.247494969225213 1
-1.10968492009529 0.139213735413424 0.287173409684876 1
-1.11621027002828 0.0565363367222638 0.315484264223293 1
-1.11739377675279 0.0154077147602012 0.33 1
0.545353415979797 0.975395254078656 0.293333333333333 1
0.50903639941433 0.995072756361768 0.280429425450265 1
0.433937751584405 1.03094515959392 0.255262045494183 1
0.315209211245638 1.07307696012282 0.21998948399969 1
0.191712916844034 1.10230319320318 0.187752472556751 1
0.0647621455698749 1.11739492567159 0.159108192871706 1
-0.0639098767370384 1.11791871068609 0.134591434472057 1
-0.192568926561941 1.10344104500727 0.114737192371787 1
-0.319481785266311 1.07352836296951 0.10008029134317 1
-0.442642134951661 1.02883802784078 0.0909905511739556 1
-0.560044132720409 0.970027218297721 0.0878377631265317 1
-0.669681450042879 0.897753364440097 0.0909917296538518 1
-0.7699746992547 0.813428807905267 0.100082769450221 1
-0.859344943664914 0.718465617018444 0.114741207069412 1
-0.936212860765217 0.614276157645409 0.134597343615005 1
-1.00009050524521 0.5025788953607 0.159115586571677 1
-1.05048937015036 0.385093156267883 0.187760167248687 1
-1.0869214049502 0.263537352710048 0.21999552820019 1
-1.10979471883865 0.139660605405881 0.255265253053224 1
-1.11627657522872 0.0566945821805189 0.280430457087371 1
-1.11739377675279 0.0154077147602025 0.293333333333333 1
0.545353415979797 0.975395254078656 0.22 1
0.508828526192754 0.995345908241623 0.210322069087699 1
0.433273254867918 1.03158234321275 0.191446534120637 1
0.313874961667905 1.07384236251621 0.164992112999767 1
0.189861906815113 1.10290797474578 0.140814354417563 1
0.0626851786274836 1.11767923342162 0.119331144653779 1
-0.0659459503063337 1.11784468987029 0.100943575854043 1
-0.194321208828697 1.10309284071531 0.0860528942788405 1
-0.320731329497812 1.07311211862236 0.0750602185073775 1
-0.443269830937167 1.02853756170691 0.0682429133804667 1
-0.560030705415366 0.970004023811583 0.0658783223448988 1
-0.669107462664231 0.89814660887257 0.0682437972403888 1
-0.768989795880271 0.814302451247338 0.0750620770876656 1
-0.858167846456667 0.719808413921979 0.0860559053020592 1
-0.935131370943202 0.616001656527897 0.100948007711254 1
-0.99929880255809 0.504518915669128 0.119336689928758 1
-1.05008801203677 0.386997786778578 0.140820125436515 1
-1.08691732856799 0.265074951580995 0.164996646150142 1
-1.11001431632536 0.140554345390796 0.191448939789918 1
-1.11640918562961 0.0570110730970292 0.210322842815529 1
-1.11739377675279 0.0154077147602051 0.22 1
0.545353415979797 0.975395254078656 0.11 1
0.508516716360389 0.995755636061406 0.105161034543849 1
0.432276509793187 1.032538118641 0.0957232670603186 1
0.311873587301304 1.07499046610629 0.0824960564998838 1
0.187085391771731 1.10381514705968 0.0704071772087815 1
0.0595697282138963 1.11810569504667 0.0596655723268897 1
-0.0690000606602771 1.11773365864658 0.0504717879270215 1
-0.19694963222883 1.10257053427736 0.0430264471394202 1
-0.322605645845064 1.07248775210163 0.0375301092536887 1
-0.444211374915427 1.02808686250612 0.0341214566902333 1
-0.560010564457802 0.969969232082375 0.0329391611724494 1
-0.668246481596258 0.89873647552128 0.0341218986201944 1
-0.767512440818628 0.815612916260444 0.0375310385438328 1
-0.856402200644297 0.72182260927728 0.0430279526510296 1
-0.93350913621018 0.618589904851628 0.0504740038556268 1
-0.998111248527411 0.507428946131769 0.0596683449643789 1
-1.04948597486639 0.389854732544619 0.0704100627182576 1
-1.08691121399467 0.267381349887416 0.0824983230750711 1
-1.11034371255544 0.141894955368168 0.0957244698949588 1
-1.11660810123095 0.0574858094717948 0.105161421407764 1
-1.11739377675279 0.015407714760209 0.11 1
0.545353415979797 0.975395254078656 0.0366666666666667 1
0.508308843138812 0.996028787941261 0.0350536781812831 1
0.4316120130767 1.03317530225983 0.0319077556867729 1
0.310539337723571 1.07575586849968 0.0274986854999613 1
0.18523438174281 1.10441992860228 0.0234690590695939 1
0.0574927612715049 1.1183900027967 0.0198885241089632 1
-0.0710361342295725 1.11765963783078 0.0168239293090072 1
-0.198701914495585 1.1022223299854 0.0143421490464734 1
-0.323855190076565 1.07207150775448 0.0125100364178962 1
-0.444839070900933 1.02778639637226 0.0113738188967444 1
-0.559997137152759 0.969946037596235 0.0109797203908165 1
-0.66767249421761 0.899129719953752 0.0113739662067315 1
-0.766527537444199 0.816486559602513 0.0125103461812776 1
-0.85522510343605 0.723165406180813 0.0143426508836765 1
-0.932427646388165 0.620315403734115 0.0168246679518756 1
-0.997319545840292 0.509368966440196 0.0198894483214596 1
-1.0490846167528 0.391759363055312 0.0234700209060859 1
-1.08690713761247 0.268918948758362 0.0274994410250237 1
-1.11056331004215 0.142788695353083 0.0319081566316529 1
-1.11674071163184 0.0578023003883051 0.0350538071359214 1
-1.11739377675279 0.0154077147602116 0.0366666666666667 1
0.545353415979797 0.975395254078656 0 1
0.508204906528024 0.996165363881189 0 1
0.431279764718456 1.03349389406925 0 1
0.309872212934704 1.07613856969637 0 1
0.184308876728349 1.10472231937358 0 1
0.0564542778003092 1.11853215667172 0 1
-0.0720541710142202 1.11762262742288 0 1
-0.199578055628963 1.10204822783941 0 1
-0.324479962192315 1.07186338558091 0 1
-0.445152918893687 1.02763616330533 0 1
-0.559990423500237 0.969934440353166 0 1
-0.667385500528286 0.89932634216999 0 1
-0.766035085756985 0.816923381273549 0 1
-0.854636554831926 0.723836804632581 0 1
-0.931886901477158 0.621178153175359 0 1
-0.996923694496733 0.510338976594411 0 1
-1.04888393769601 0.39271167831066 0 1
-1.08690509942136 0.269687748193836 0 1
-1.11067310878551 0.14323556534554 0 1
-1.11680701683229 0.0579605458465603 0 1
-1.11739377675279 0.0154077147602129 0 1
