3
3 3
23 19
0 0 0 0 0.5 1 1.5 2 2.5 3 3.5 4 4.5 5 5.5 6 6.5 7 7.5 8 8.5 9 9.5 10 10 10 10 
0 0 0 0 0.5 1 1.5 2 2.5 3 3.5 4 4.5 5 5.5 6 6.5 7 7.5 8 8 8 8 
-1.11739377675279 -0.0154077147602015 0.94 1
-1.06867645981375 -0.0157806487511172 0.936092334967915 1
-0.972747215530945 -0.0165270221221682 0.928399447391244 1
-0.840025386375066 -0.0175555370719428 0.917755458835267 1
-0.725131462970022 -0.0184004456404551 0.908534828434851 1
-0.621708826338717 -0.0192042265436242 0.900240894673613 1
-0.523400857504058 -0.0201093584973692 0.892376996035168 1
-0.428473757360956 -0.0207706039666999 0.884753585866297 1
-0.335193726804326 -0.0208427254166264 0.877181117513785 1
-0.237574912502274 -0.0216799271088334 0.869363675095056 1
-0.129631461122907 -0.0246364133050057 0.861005342727536 1
-0.0298012800945385 -0.0516277729142984 0.856690550935473 1
0.0434777231545151 -0.124569594845866 0.861003730243118 1
0.0999952167449412 -0.216561273313914 0.869361583032182 1
0.149540868797427 -0.300702202532644 0.877180811684374 1
0.196253721604238 -0.381462243987227 0.884754298559097 1
0.244272817457641 -0.463311259162833 0.892374926015752 1
0.294195972768929 -0.547971844973156 0.900236633628708 1
0.346621003949396 -0.637166598331887 0.908533360972332 1
0.404820182538216 -0.73627981424485 0.917757198073064 1
0.472065780074559 -0.850695787717871 0.928400234957343 1
0.520671065862196 -0.933390079607105 0.936092223608014 1
0.545353415979797 -0.975395254078656 0.94 1
-1.11739377675279 -0.0154077147602015 0.927157385894731 1
-1.06984446483527 -0.017116837150586 0.92320852792374 1
-0.97585515504346 -0.0201267443889394 0.915153200617301 1
-0.844783062051586 -0.023051636702242 0.903056727965997 1
-0.730206770321647 -0.0240216045543365 0.89140612602477 1
-0.626302816785623 -0.0239487098007526 0.880220571935084 1
-0.527247738375494 -0.0237450142970199 0.869519242838405 1
-0.431386923339226 -0.0231997245196859 0.85917927114025 1
-0.337065759924784 -0.0221020469452978 0.849077789246137 1
-0.238513117994973 -0.0220351329055418 0.839128266473869 1
-0.129957867412601 -0.0245821337321044 0.82924417214125 1
-0.0297680662315751 -0.0515699956323473 0.824318145852107 1
0.043688227494196 -0.124825664813633 0.82924282721027 1
0.100157438808512 -0.217552497859399 0.839126606310268 1
0.149385992755174 -0.302953851353084 0.849077873246632 1
0.195605562368995 -0.385200130655399 0.859180403096193 1
0.243047820684787 -0.468461741127056 0.869517970935783 1
0.292385376320762 -0.554324296786073 0.880217323048846 1
0.344290837895131 -0.644373411650468 0.891405205718826 1
0.402438335298597 -0.743148024486563 0.903058459200859 1
0.470501998421863 -0.855187074060683 0.915153923750083 1
0.520097998198024 -0.935069708726858 0.923208416502877 1
0.545353415979797 -0.975395254078656 0.927157385894731 1
-1.11739377675279 -0.0154077147602015 0.901900280436221 1
-1.07212834561714 -0.0197218205134786 0.897886860605228 1
-0.981944814357313 -0.0271670211446862 0.889130483449174 1
-0.854158752459869 -0.0338934249338208 0.874125645097374 1
-0.740309167512649 -0.0352860670336417 0.857568873992348 1
-0.635591720620176 -0.0337195736053607 0.840530507576581 1
-0.535202072886974 -0.0315685708101894 0.824080883292555 1
-0.437637409556869 -0.0288798506438436 0.808233179339436 1
-0.341394915873685 -0.0257002051020392 0.793000573916386 1
-0.241115149830486 -0.0240446873262637 0.778721544918041 1
-0.131438669420332 -0.0259283504580045 0.765734570239037 1
-0.030575743873389 -0.052968444283669 0.759563894706773 1
0.0432633575801795 -0.126782218589665 0.76573376314865 1
0.0997195957431629 -0.220812856856531 0.778720756136747 1
0.148433931418351 -0.308503542564807 0.793001454243146 1
0.193809612273019 -0.393454109368366 0.808235172184179 1
0.240249885974442 -0.479264390921081 0.824081224676174 1
0.288570508260114 -0.567257433157918 0.840529293278771 1
0.33958723486753 -0.658756282013842 0.857569059551608 1
0.397735110279669 -0.756688276859394 0.874127372296601 1
0.467449178979511 -0.86398075706512 0.889131080315665 1
0.518984158370269 -0.938350126052856 0.897886747985293 1
0.545353415979797 -0.975395254078656 0.901900280436221 1
-1.11739377675279 -0.0154077147602015 0.864578835214341 1
-1.07545298357925 -0.0234842166393026 0.860485768447026 1
-0.990857282211449 -0.0374212337373764 0.850704726546783 1
-0.868084870721602 -0.0500386644290689 0.831352687349741 1
-0.755697085417586 -0.0527278651903101 0.807424420556175 1
-0.650283660820241 -0.0498309123090482 0.781578646999534 1
-0.54843433145041 -0.0456898820732314 0.756474087513265 1
-0.448855613313656 -0.040706255276584 0.732329652279229 1
-0.350254022415542 -0.03528151271283 0.709364251479287 1
-0.247838145356367 -0.0319990983460576 0.688557039772842 1
-0.136816568736429 -0.0334424561403554 0.670887171819295 1
-0.0350887624267194 -0.0607844975714175 0.66283657348446 1
0.0394458037017714 -0.135198134114938 0.67088717063415 1
0.0961946050613463 -0.230615417192248 0.68855755964941 1
0.144565117064308 -0.320968398224676 0.709366336911284 1
0.189173814598922 -0.409083604224064 0.732332952025027 1
0.234637172553451 -0.497787562202252 0.756476854595898 1
0.281967472639731 -0.588041306938766 0.781580481281413 1
0.3321769965696 -0.680805873213133 0.807426268739093 1
0.390713348605303 -0.776820870352005 0.831354419793122 1
0.463024133009089 -0.876825907682033 0.85070513726769 1
0.517388441259081 -0.943110590451279 0.860485653021822 1
0.545353415979797 -0.975395254078656 0.864578835214341 1
-1.11739377675279 -0.0154077147602015 0.827101447668156 1
-1.07873164290337 -0.0271586352362315 0.822909653618443 1
-0.99970436696582 -0.0475405445815934 0.812086278204724 1
-0.88215513711622 -0.0664002513071362 0.788427926102957 1
-0.771698300096132 -0.0711934382677726 0.757242357981694 1
-0.666190001094548 -0.0680066451352325 0.722741514988244 1
-0.563486385300459 -0.0629264115812457 0.68913733826992 1
-0.462486303147786 -0.0566794357477745 0.656849733547211 1
-0.362088605070449 -0.0499924157767815 0.626298606540609 1
-0.258024173877126 -0.0459362396613589 0.59909140194509 1
-0.146023892376495 -0.0475817953945992 0.57683556445563 1
-0.0435824690580464 -0.075495301835027 0.566945686189329 1
0.031805387588732 -0.150242977841167 0.576836359263282 1
0.0892200237894211 -0.246408291489519 0.59909321089704 1
0.137741785769602 -0.338574710856582 0.626301868310152 1
0.182153166741022 -0.428875536522382 0.656854304242235 1
0.227236659915428 -0.519444069066947 0.689142491432909 1
0.274183995453477 -0.610908820927748 0.722746360430619 1
0.324186903515831 -0.703898304542255 0.75724584178381 1
0.383576330258066 -0.797186398043127 0.788429650475002 1
0.45868322183576 -0.889546979563019 0.812086501486715 1
0.515845922907016 -0.947787254409071 0.822909536606098 1
0.545353415979797 -0.975395254078656 0.827101447668156 1
-1.11739377675279 -0.0154077147602015 0.789111256710469 1
-1.08197518330135 -0.0307448000390388 0.784757179694917 1
-1.00853541244774 -0.0575608642543031 0.772832788970529 1
-0.896532761262972 -0.0831846125475587 0.745005136823022 1
-0.788651872121648 -0.0911819838087627 0.706944062633521 1
-0.68385430232335 -0.0890989794092916 0.664297287558076 1
-0.581101609167661 -0.084481600720522 0.622712532752741 1
-0.479463735282831 -0.0783448622940878 0.582794881829595 1
-0.378010623297112 -0.0717037786816232 0.545149418400716 1
-0.272938333998568 -0.0680120416856978 0.511970492384521 1
-0.160442928175263 -0.0707233431088816 0.485452453699425 1
-0.0574850250935287 -0.0995744981291831 0.473859045596985 1
0.0189747559803033 -0.174302321924611 0.485454011328758 1
0.0775613600473232 -0.270365033400677 0.511973524932102 1
0.126899732108621 -0.36322085146289 0.545153760444376 1
0.17187639851682 -0.45441166090073 0.582800603456565 1
0.21737788562454 -0.545479346503677 0.622719939559657 1
0.264753916498177 -0.636756763420142 0.66430501893982 1
0.315354214204128 -0.728576766798537 0.706949091783219 1
0.376226878750557 -0.818029387498904 0.745006808759492 1
0.45442001014563 -0.902204656381286 0.772832820538274 1
0.514362273865946 -0.952389387392203 0.784757065154377 1
0.545353415979797 -0.975395254078656 0.789111256710469 1
-1.11739377675279 -0.0154077147602015 0.750251401254084 1
-1.08519446448503 -0.034242434782498 0.745627010251883 1
-1.01739976248451 -0.0675181033324714 0.73250190939173 1
-0.911380952781109 -0.100598175129873 0.700738094975936 1
-0.806896862067495 -0.113192699356014 0.656450910876274 1
-0.7038201253869 -0.113960122456604 0.606524140724395 1
-0.602023377782554 -0.11155889087735 0.557841568151952 1
-0.500722165942364 -0.107248005152196 0.511166555812595 1
-0.399132036554237 -0.102286465815085 0.467262466359976 1
-0.293845724326496 -0.100382434832605 0.428840172040872 1
-0.181455963967462 -0.105244074171348 0.398610545102059 1
-0.0782245918593251 -0.135495727508571 0.385544464483034 1
-0.000413444384272692 -0.209761738521533 0.39861280912329 1
0.0599841219549887 -0.304659196578057 0.428844316807061 1
0.110974750655753 -0.396805191045966 0.467267725318579 1
0.157472239743811 -0.487273731996513 0.511173224288778 1
0.204390387244953 -0.57713882950095 0.557851003348589 1
0.253211075570655 -0.66648192271123 0.606534545022445 1
0.305416187132395 -0.755384450779307 0.656457331834777 1
0.368567817595377 -0.839594366285478 0.700739639063842 1
0.450228062624804 -0.914859621810041 0.732501741987898 1
0.512943164687742 -0.956926258866642 0.745626905082916 1
0.545353415979797 -0.975395254078656 0.750251401254084 1
-1.11739377675279 -0.0154077147602015 0.711096961801159 1
-1.08833573460226 -0.0375891952944487 0.706064774587773 1
-1.02615576155482 -0.0772467656876026 0.6916331506216 1
-0.926488748684328 -0.118398433791273 0.656329929852449 1
-0.826219295454285 -0.136996898948846 0.606816888061707 1
-0.725909673868385 -0.142425976521889 0.550921277344791 1
-0.62612215593032 -0.144069481871973 0.496470349797116 1
-0.526188425599396 -0.143379301321421 0.444346520776062 1
-0.425440166834918 -0.141807321192556 0.395432205639009 1
-0.32078750429554 -0.143175570432853 0.352849893746315 1
-0.209140562639919 -0.151306077989787 0.319722074458333 1
-0.105898585805918 -0.183427731373176 0.305522507924073 1
-0.0264608177313982 -0.256769418092839 0.319724954292546 1
0.0363978758762986 -0.349390448660099 0.352854978196538 1
0.0899026293098322 -0.43935013358628 0.395438144268835 1
0.138912438222885 -0.527393575914174 0.444353844113477 1
0.18828629826914 -0.614265878686574 0.496481469334506 1
0.239608635131087 -0.699848190968296 0.550934012483725 1
0.294463874491217 -0.784021661824161 0.60682446611294 1
0.36070372338782 -0.86157738549675 0.656331248772688 1
0.446179888859185 -0.927306456228646 0.691632779013509 1
0.511615706379282 -0.96132014586391 0.706064687745893 1
0.545353415979797 -0.975395254078656 0.711096961801159 1
-1.11739377675279 -0.0154077147602015 0.672223018853853 1
-1.09134524180086 -0.0407227374027307 0.666616102001015 1
-1.03466175413736 -0.0865813551912006 0.650766023813414 1
-0.941645185986328 -0.136342883268956 0.61248377074331 1
-0.846405197802629 -0.162365896626579 0.559095979541573 1
-0.749945151350989 -0.17433244384987 0.498987900276851 1
-0.65326840839614 -0.181924573524633 0.440544783017797 1
-0.555789344726941 -0.186729187801081 0.384716541999847 1
-0.456922336132248 -0.190333188829427 0.332453091458438 1
-0.353804833340331 -0.196519599817215 0.28714911033302 1
-0.24357428707946 -0.209071443971988 0.252199277563042 1
-0.140604423383789 -0.243539251122982 0.237313740996702 1
-0.0592689682874758 -0.315473551099434 0.252202648482196 1
0.00671218817513389 -0.404658457285241 0.287154900775156 1
0.0636191559696926 -0.490878083064299 0.332459398631214 1
0.11616874175493 -0.574703018758155 0.384724140305266 1
0.169077752189574 -0.656703854688354 0.440557124052208 1
0.22399975763965 -0.736619460358624 0.499002495128892 1
0.282588328471181 -0.814188705272689 0.559104398792167 1
0.352739172723183 -0.883674496226615 0.612484745270666 1
0.442347998434675 -0.939339740016463 0.650765444793024 1
0.510407009947442 -0.965493325415528 0.666616044497486 1
0.545353415979797 -0.975395254078656 0.672223018853853 1
-1.11739377675279 -0.0154077147602015 0.633762201417522 1
-1.09423894083066 -0.0436777888809785 0.627422375244549 1
-1.04293366733574 -0.0955678758945976 0.610051601873511 1
-0.956760904884942 -0.154305090351269 0.569339457668224 1
-0.867145242969309 -0.188796656364231 0.513388708240755 1
-0.7753395472171 -0.208695968976095 0.450770372966832 1
-0.682596683256569 -0.223656423229474 0.390055471222183 1
-0.588387818444878 -0.235355163790889 0.332211659656445 1
-0.492184120139187 -0.245469335326862 0.278206594919255 1
-0.391280595516631 -0.257626709704126 0.231572247459357 1
-0.282972251754343 -0.27545505878941 0.195840587725495 1
-0.180488455945148 -0.312619675693358 0.180701364893154 1
-0.0970585751818668 -0.38278585352661 0.195844328137819 1
-0.0274672270413592 -0.467668905683205 0.231578516869289 1
0.0335009708995159 -0.548984145557184 0.278212970497365 1
0.0903548020197947 -0.627246150955087 0.332219167103734 1
0.147603049698513 -0.702969499683455 0.390068584770082 1
0.20694263392567 -0.775795699338701 0.450786368233028 1
0.270070474691263 -0.845366257517232 0.513397662229187 1
0.344738969675514 -0.905745129644497 0.569339974585081 1
0.438700516558644 -0.950996271145938 0.610050813127228 1
0.509294978407982 -0.969476975310385 0.627422357544921 1
0.545353415979797 -0.975395254078656 0.633762201417522 1
-1.11739377675279 -0.0154077147602015 0.595847138497523 1
-1.09703278644152 -0.046489077502827 0.588624977071314 1
-1.0509874282536 -0.104252331849126 0.56964095770823 1
-0.971746545578002 -0.17215862182656 0.527036830646893 1
-0.888130104811109 -0.215786142136821 0.469795597084139 1
-0.801505850849102 -0.244532996436114 0.406315058860988 1
-0.71324152858816 -0.26779728838064 0.34499301781846 1
-0.622846741873089 -0.287314728490558 0.286766913918351 1
-0.529831094548695 -0.304821027286026 0.232574187122453 1
-0.431597674880201 -0.323709086812019 0.185953730783693 1
-0.32554957113283 -0.347371809113513 0.150444438254997 1
-0.223697034842202 -0.387458394019671 0.135468580805664 1
-0.138050317543933 -0.455618041359656 0.150448429704995 1
-0.0645346556660344 -0.535627477083715 0.185960258805312 1
0.000924714363483525 -0.611263427142096 0.232580341958937 1
0.0625842706973309 -0.683067062931602 0.286773978748471 1
0.124700491488218 -0.75157955584904 0.345006468756513 1
0.188995454818477 -0.816376876365013 0.406332007071217 1
0.257191238770444 -0.877034994950127 0.469804788780733 1
0.336767918318858 -0.927648716919817 0.527036782743238 1
0.435205568438463 -0.962312847589517 0.569639957816906 1
0.508257514776663 -0.97330227333737 0.588625009095423 1
0.545353415979797 -0.975395254078656 0.595847138497523 1
-1.11739377675279 -0.0154077147602015 0.558085461161055 1
-1.09977428212 -0.0492178968328312 0.549813430860932 1
-1.05893824886342 -0.112779789816374 0.529100509662424 1
-0.986730496469454 -0.190042004617338 0.485151003995599 1
-0.909406471030301 -0.243318383554753 0.427947832385432 1
-0.828356811845408 -0.281594254183286 0.3653347850462 1
-0.744972158214219 -0.313854944057607 0.305155652192181 1
-0.658788142493057 -0.341873270703219 0.24826670577865 1
-0.569340397038242 -0.367422051645628 0.195524217760881 1
-0.474106672259551 -0.393603143293387 0.150336494610791 1
-0.370564718566763 -0.423518402055051 0.116111842800298 1
-0.269447073186552 -0.466699052211106 0.101741314797806 1
-0.181486273345595 -0.532676318042038 0.116115963071718 1
-0.103807093937752 -0.607390042705061 0.150343051569543 1
-0.033534309856882 -0.676780069357386 0.195529844238788 1
0.0333042949301389 -0.741471174272258 0.248272951822884 1
0.100680936456437 -0.802088133722925 0.305168985065262 1
0.170330477654475 -0.858162900985856 0.365352224575649 1
0.243987781456719 -0.90922742933752 0.427956950963769 1
0.328770208408292 -0.949565720409561 0.485150271830068 1
0.431795119054316 -0.973461775833624 0.529099294774992 1
0.507265292932598 -0.977041004556152 0.549813523632063 1
0.545353415979797 -0.975395254078656 0.558085461161055 1
-1.11739377675279 -0.0154077147602015 0.52008480047532 1
-1.10251093135266 -0.0519255404355464 0.510577259993024 1
-1.06690134113766 -0.121295316557931 0.487996676080947 1
-1.00184114596324 -0.208093765646114 0.443257092030624 1
-0.931021029329161 -0.271377410228428 0.387476600458342 1
-0.855805179804427 -0.319630470170972 0.32754237860935 1
-0.777557785958051 -0.361337165339848 0.270341603728897 1
-0.695834047786264 -0.398296179232001 0.216595436230428 1
-0.610189165285298 -0.432306195344377 0.167025036527387 1
-0.518158188483191 -0.466145291300721 0.124763473245414 1
-0.417276167407982 -0.502591544724779 0.0929438150101482 1
-0.316955484089801 -0.548985296376847 0.0796454929331501 1
-0.226608520558774 -0.612666887017223 0.0929479381259793 1
-0.144601538095371 -0.681812473765534 0.124769820148299 1
-0.0693007979800581 -0.744598213741405 0.167029808559773 1
0.00296202186081983 -0.801763904561612 0.216600462910377 1
0.0758552435009202 -0.85404934384293 0.270354342750087 1
0.151119959770068 -0.900953682749523 0.327559833678512 1
0.230497263498087 -0.941976072445556 0.387485321295259 1
0.320690029698889 -0.971676602470714 0.443255543930505 1
0.428401133386385 -0.984615362364685 0.487995239914424 1
0.506288986754898 -0.9807649540264 0.510577425637914 1
0.545353415979797 -0.975395254078656 0.52008480047532 1
-1.11739377675279 -0.0154077147602015 0.481987726304112 1
-1.10524100850217 -0.0546166444181013 0.471079811625372 1
-1.07486147047747 -0.129792322908343 0.446511337892628 1
-1.01700953847527 -0.226224937181651 0.401489095084057 1
-0.952814361113164 -0.299722287007527 0.348385720982366 1
-0.883583474963354 -0.358214019286032 0.292768757901195 1
-0.810624416598053 -0.409629780917224 0.240205748154181 1
-0.733507969015147 -0.45578719940995 0.19123412228676 1
-0.651804915212524 -0.49850390227306 0.146391310844369 1
-0.563096890572277 -0.540214557417339 0.108404496360143 1
-0.464965530476496 -0.583353832753576 0.0800008613672147 1
-0.36547879404014 -0.633029395386364 0.0681958415952458 1
-0.272704640378166 -0.694348912420298 0.080004872773897 1
-0.186274886369403 -0.757766762221252 0.108410416571137 1
-0.105821348892678 -0.813737323155102 0.146394934654936 1
-0.0279912291495235 -0.863134513119352 0.191237569255646 1
0.0505682716585265 -0.906832250011507 0.24021746260362 1
0.131600451529826 -0.944303798071422 0.292785795858446 1
0.216848608462729 -0.975022421538947 0.348393750179709 1
0.312569954965528 -0.993877176995334 0.401486613921552 1
0.425021703546516 -0.995757121021832 0.446509675438115 1
0.50532371803317 -0.984474943935503 0.471080060938434 1
0.545353415979797 -0.975395254078656 0.481987726304112 1
-1.11739377675279 -0.0154077147602015 0.443936808511227 1
-1.10796278793121 -0.0572958448876248 0.431484432915758 1
-1.08280340228397 -0.138264219702155 0.404826376026298 1
-1.03216671842144 -0.244346551492709 0.359981013487986 1
-0.974627047787786 -0.328112078741732 0.310679013637 1
-0.911424217559383 -0.396917276415326 0.26084484127249 1
-0.84379805491262 -0.458118619479595 0.214402961193603 1
-0.771333417442138 -0.513550076570115 0.171663780960721 1
-0.693615162742582 -0.565045616322464 0.132937708134226 1
-0.608267445547967 -0.614689968226559 0.10042939362756 1
-0.51291442059231 -0.66456786177232 0.0763434883541646 1
-0.414273529525761 -0.717543618109124 0.0664070871676414 1
-0.319062213998467 -0.776481558386348 0.0763472849215905 1
-0.228184036990361 -0.834124900028334 0.100434692867616 1
-0.142542561481374 -0.883216860459426 0.132939922257321 1
-0.059104138739788 -0.924772259265171 0.171665328103387 1
0.0251648799661136 -0.959805916031112 0.214413265418493 1
0.112008503298322 -0.987767823366956 0.260861072594089 1
0.203170739918827 -1.00810797388241 0.310686088021624 1
0.304452556983086 -1.01606325787548 0.359977496680216 1
0.421654921646554 -1.0068705656442 0.40482448354898 1
0.504364608557021 -0.98817179647085 0.431484775359079 1
0.545353415979797 -0.975395254078656 0.443936808511227 1
-1.11739377675279 -0.0154077147602015 0.405965261417331 1
-1.11067741336061 -0.0599668992130024 0.391857136053041 1
-1.09072623690302 -0.14671406099224 0.363032084437722 1
-1.04729440197754 -0.26243403788884 0.318723924696276 1
-0.99640777559362 -0.356466104620019 0.274101002978116 1
-0.939235324468288 -0.435589057372377 0.231192819127111 1
-0.876946015318594 -0.506581692332516 0.19202887298713 1
-0.809138310212995 -0.571293521749921 0.156658841792644 1
-0.735410671219947 -0.63157405787408 0.125132402778123 1
-0.653428497266724 -0.68915676669174 0.0990407557533139 1
-0.560857187280602 -0.745775114189646 0.0799751005279654 1
-0.463064197080284 -0.80205079650856 0.0721996461308974 1
-0.365416982484471 -0.85860550978924 0.0799786015909302 1
-0.270090485369486 -0.910470494879362 0.0990452823086088 1
-0.179259647611648 -0.952676992626599 0.125133003684479 1
-0.0902104911479715 -0.986382485162344 0.156658240123342 1
-0.000229037915470472 -1.01274445461799 0.192037466029999 1
0.0924289884815543 -1.03119043512515 0.231207939134083 1
0.189507864438802 -1.04114796081543 0.274106917165224 1
0.296349972106443 -1.03820673091944 0.318719292938358 1
0.41829769363465 -1.01795644466779 0.363029959268423 1
0.503408976216972 -0.991858380301641 0.391857578944299 1
0.545353415979797 -0.975395254078656 0.405965261417331 1
-1.11739377675279 -0.0154077147602015 0.368106299343088 1
-1.11338602851122 -0.0626335647631196 0.352263933226079 1
-1.09862907468045 -0.155144900831471 0.321218757082666 1
-1.06237430531936 -0.280462825679594 0.27770890616279 1
-1.01810523077126 -0.384703683831367 0.238396213561584 1
-0.966924712565843 -0.47407817797071 0.203234881868934 1
-0.909935612232819 -0.554797010781542 0.17217911367473 1
-0.846750564473474 -0.628726245986796 0.144993734322863 1
-0.776982203989094 -0.697731947309402 0.121443569157227 1
-0.698338689585008 -0.76320019577624 0.102441173443056 1
-0.608528180066547 -0.826517072414188 0.0888991024455847 1
-0.511575303237328 -0.886073762548103 0.0834939349655744 1
-0.411504686900974 -0.940261451502842 0.0889022498037862 1
-0.31175572691802 -0.986387154466917 0.102444818164991 1
-0.215767819149003 -1.02175788662884 0.121442411253958 1
-0.121144070612072 -1.04767053297415 0.144990805985251 1
-0.0254875883253778 -1.06542197848839 0.172185779273432 1
0.0729467804855227 -1.07441630983501 0.203248670727068 1
0.175904188595073 -1.0740576136775 0.238400819954727 1
0.28827433669048 -1.06027948193549 0.277703103427841 1
0.414946925458953 -1.0290155065286 0.321216397617846 1
0.502454138903542 -0.995537564097076 0.352264481738542 1
0.545353415979797 -0.975395254078656 0.368106299343088 1
-1.11739377675279 -0.0154077147602015 0.342752704744141 1
-1.11520462208823 -0.0644274865624557 0.325710346292875 1
-1.1039295006713 -0.160804786428496 0.293150823870259 1
-1.07246638648415 -0.292524819597857 0.250297162473659 1
-1.032592844437 -0.403539750723224 0.214839162111965 1
-0.985377886562749 -0.499697886843418 0.185255173341088 1
-0.931890524894326 -0.586847534997256 0.160023546716941 1
-0.871754280366068 -0.666868259446658 0.138706825504252 1
-0.804592673912314 -0.74163962445354 0.120867552967746 1
-0.728146255193985 -0.812321576583195 0.106932793555389 1
-0.640155573872002 -0.880074062400919 0.0973296117151481 1
-0.543753218815488 -0.941807055289707 0.0936116359749128 1
-0.442071778893564 -0.994430528632557 0.0973324948625741 1
-0.33939020257995 -1.03676302123057 0.106935796153526 1
-0.239987438348364 -1.06762307188486 0.120865147623163 1
-0.141675185748412 -1.08839441827011 0.138702253772602 1
-0.0422651443297004 -1.10046079806102 0.160028819102958 1
0.0599898227693154 -1.10320817549129 0.185267967486824 1
0.166836852410181 -1.09602251479462 0.214842822796791 1
0.28287290824963 -1.07504966478952 0.250290548094042 1
0.412694953944396 -1.0364354742945 0.293148306439758 1
0.501810025065834 -0.998009554063247 0.325710968070274 1
0.545353415979797 -0.975395254078656 0.342752704744141 1
-1.11739377675279 -0.0154077147602015 0.33 1
-1.11612134566151 -0.0653332513076295 0.312348811296034 1
-1.10659898020994 -0.163657558987587 0.279023839070617 1
-1.07753979657073 -0.298587000686765 0.236516746585986 1
-1.03986185181489 -0.412982698989122 0.203038170260798 1
-0.994621550995694 -0.512518332243135 0.176312429751434 1
-0.942875299166382 -0.602867578797278 0.154063844714275 1
-0.884252684590233 -0.68591781831805 0.135751647225851 1
-0.818383295530522 -0.763556430471952 0.120835069362695 1
-0.743025566596946 -0.836832375925431 0.109492765177144 1
-0.655937932399201 -0.906794615344933 0.101903388721535 1
-0.559807359240879 -0.969613394744779 0.0990476190607886 1
-0.457320813425571 -1.02145896013929 0.101906135259824 1
-0.353176465530801 -1.06190482400896 0.10949543778737 1
-0.252072486134094 -1.09052449883429 0.120832027112155 1
-0.151923903220732 -1.10874265064304 0.13574623729899 1
-0.050645744776 -1.11798394546294 0.154068402412685 1
0.0535107165816625 -1.11762420575234 0.176324709540086 1
0.162294208233816 -1.10703925396954 0.203041345768038 1
0.280158866703988 -1.08247405097619 0.236509720225192 1
0.411558828515704 -1.04017355763392 0.279021242040199 1
0.501484057828165 -0.999256382770164 0.312349470269089 1
0.545353415979797 -0.975395254078656 0.33 1
