3
3 3
23 19
0 0 0 0 0.5 1 1.5 2 2.5 3 3.5 4 4.5 5 5.5 6 6.5 7 7.5 8 8.5 9 9.5 10 10 10 10 
0 0 0 0 0.5 1 1.5 2 2.5 3 3.5 4 4.5 5 5.5 6 6.5 7 7.5 8 8 8 8 
0.545353415979797 0.975395254078656 0.94 1
0.520671787200202 0.933391287000673 0.936092334967913 1
0.472060786758774 0.850687311171467 0.928399447391244 1
0.404809152106194 0.736261092960692 0.917755458835274 1
0.346630478119447 0.637182490835701 0.908534828434858 1
0.294223065122541 0.548017750638173 0.900240894673617 1
0.244285213439487 0.463333118209786 0.892376996035172 1
0.196249007993359 0.381454460712958 0.884753585866305 1
0.149546533707236 0.300707645310107 0.877181117513796 1
0.100012088622666 0.216585873083324 0.869363675095068 1
0.0434799707811984 0.124582345114696 0.861005342727543 1
-0.0298103228372732 0.0516225520843463 0.856690550935473 1
-0.129619295252853 0.024631984672397 0.861003730243111 1
-0.237545172538176 0.0216822386988481 0.86936158303217 1
-0.335186180765876 0.0208449099836996 0.877180811684363 1
-0.42848285467964 0.0207704134970697 0.884754298559089 1
-0.523375729023158 0.0201091642090763 0.892374926015746 1
-0.621655524689819 0.0192047363775924 0.900236633628703 1
-0.725112962573011 0.0184007042604908 0.90853336097233 1
-0.840047114698831 0.0175553450796755 0.917757198073064 1
-0.972757053093377 0.0165269360570506 0.928400234957344 1
-1.06867505351124 0.0157806697513709 0.936092223608014 1
-1.11739377675279 0.0154077147602012 0.94 1
0.545353415979797 0.975395254078656 0.927157385894731 1
0.520098616612777 0.935070903220787 0.923208527923739 1
0.470497305585439 0.855178726876116 0.915153200617302 1
0.402428228042885 0.743129410774675 0.903056727966006 1
0.344300065377128 0.644388415391163 0.891406126024777 1
0.292411217317491 0.5543685046985 0.880220571935088 1
0.243060083593291 0.468482442669607 0.869519242838409 1
0.195601910874753 0.385191896732073 0.859179271140257 1
0.149391945832103 0.302958534313484 0.849077789246148 1
0.100173574125494 0.217575985772323 0.839128266473881 1
0.0436901814150831 0.124837881467074 0.829244172141257 1
-0.0297768931748262 0.0515648993942852 0.824318145852107 1
-0.129946310519928 0.0245777175505092 0.829242827210262 1
-0.238484709207208 0.0220373625434842 0.839126606310256 1
-0.337058727823653 0.0221048609809487 0.849077873246621 1
-0.431395879873123 0.0232006791945744 0.859180403096185 1
-0.527223678859483 0.0237452835160331 0.869517970935777 1
-0.626251611112039 0.0239489848041652 0.880217323048842 1
-0.730189162960103 0.0240220939178111 0.891405205718824 1
-0.844804235626878 0.0230521904179755 0.903058459200859 1
-0.975864730335573 0.0201268538656629 0.915153923750084 1
-1.06984312116579 0.0171167754665069 0.923208416502877 1
-1.11739377675279 0.0154077147602012 0.927157385894731 1
0.545353415979797 0.975395254078656 0.901900280436221 1
0.518984575235016 0.938351293678556 0.897886860605226 1
0.467445076722216 0.863972664920179 0.889130483449175 1
0.397726809216028 0.756669890962054 0.874125645097386 1
0.339595953305575 0.658769579237342 0.857568873992357 1
0.288593852963058 0.567298363294836 0.840530507576583 1
0.240261852160682 0.479282876683331 0.824080883292558 1
0.193808020463353 0.393445039644632 0.808233179339443 1
0.148440427435981 0.308506772420545 0.793000573916396 1
0.0997342648646176 0.220834188653691 0.778721544918052 1
0.0432647245353168 0.12679340198669 0.765734570239043 1
-0.0305841464118568 0.0529635930758227 0.759563894706773 1
-0.131428300836838 0.0259239425773664 0.765733763148643 1
-0.24108934139151 0.0240467252595148 0.778720756136736 1
-0.341388870727756 0.0257042158904614 0.793001454243137 1
-0.437646060072864 0.0288830069581026 0.808235172184172 1
-0.535180080654125 0.0315696909503352 0.824081224676169 1
-0.635544601730343 0.0337193256426952 0.840529293278767 1
-0.740293292560323 0.0352869688107185 0.857569059551607 1
-0.854178825645939 0.0338954289504976 0.874127372296601 1
-0.981953873489066 0.027167514558125 0.889131080315665 1
-1.07212712599124 0.0197215977160884 0.897886747985293 1
-1.11739377675279 0.0154077147602012 0.901900280436221 1
0.545353415979797 0.975395254078656 0.864578835214341 1
0.517388563592002 0.943111712675035 0.860485768447023 1
0.463020902048207 0.876818194788617 0.850704726546785 1
0.390707680793826 0.776802882900441 0.831352687349757 1
0.332184871966688 0.680816806132697 0.807424420556186 1
0.281986994456721 0.588077626090816 0.781578646999535 1
0.234648567153857 0.497803004380229 0.756474087513267 1
0.189175155494359 0.409073491399206 0.732329652279236 1
0.144572324914491 0.320969637546016 0.709364251479298 1
0.0962070406122725 0.230633679078524 0.688557039772853 1
0.0394462677857238 0.135207852254595 0.670887171819301 1
-0.0350965378397221 0.0607800084346272 0.66283657348446 1
-0.136807920538632 0.0334379989790193 0.670887170634145 1
-0.247816112323468 0.0320007369059316 0.688557559649401 1
-0.350249345206691 0.0352871352335243 0.709366336911276 1
-0.448863700829171 0.0407124729385249 0.732332952025022 1
-0.548415260831776 0.0456920289976606 0.756476854595894 1
-0.650242446603418 0.0498296591224641 0.781580481281411 1
-0.755683679533008 0.0527292190244681 0.807426268739092 1
-0.868103282217422 0.0500427496861233 0.831354419793123 1
-0.990865577253539 0.0374222920898802 0.850705137267691 1
-1.07545195053849 0.023483761470842 0.860485653021822 1
-1.11739377675279 0.0154077147602012 0.864578835214341 1
0.545353415979797 0.975395254078656 0.827101447668156 1
0.515845753404983 0.947788324238542 0.82290965361844 1
0.458680864165509 0.889539650357445 0.812086278204727 1
0.383573264108504 0.797168884475224 0.788427926102977 1
0.32419382392544 0.703907051074455 0.757242357981706 1
0.274199518233999 0.610940787262696 0.722741514988244 1
0.227247321651859 0.519456730147508 0.68913733826992 1
0.182157320344138 0.428864605302261 0.656849733547217 1
0.137749600475951 0.338574138300324 0.626298606540618 1
0.0892301364374665 0.24642360919882 0.599091401945099 1
0.0318049026188509 0.150251298054874 0.576835564455636 1
-0.0435896147264523 0.0754911762814494 0.566945686189329 1
-0.146016929345 0.0475772152915086 0.576836359263277 1
-0.258005852027721 0.045937338616815 0.599093210897032 1
-0.362085193565543 0.0499994697891315 0.626301868310145 1
-0.462493693060551 0.0566884984836504 0.656854304242231 1
-0.563470089614826 0.0629293143755642 0.689142491432907 1
-0.666154556046147 0.0680041050900275 0.722746360430618 1
-0.771687265172292 0.0711950582521946 0.75724584178381 1
-0.882171837385791 0.0664063527276673 0.788429650475003 1
-0.999711893079177 0.0475421673820472 0.812086501486716 1
-1.07873080115487 0.0271579535284298 0.822909536606098 1
-1.11739377675279 0.0154077147602012 0.827101447668156 1
0.545353415979797 0.975395254078656 0.789111256710469 1
0.514361813782584 0.952390395022799 0.784757179694913 1
0.454418535515861 0.902197719923117 0.772832788970533 1
0.37622639296138 0.818012452852584 0.745005136823045 1
0.315360021714999 0.728583547903933 0.706944062633534 1
0.26476517154195 0.636784688003967 0.664297287558074 1
0.217387592207467 0.545489556079491 0.622712532752739 1
0.171883226638726 0.45440020609539 0.582794881829599 1
0.126908017762906 0.363218692016549 0.545149418400724 1
0.0775690111361928 0.270377551752262 0.511970492384529 1
0.018973252314772 0.17430932321182 0.485452453699429 1
-0.05749153240217 0.0995707411327875 0.473859045596984 1
-0.160437616715447 0.0707185402527287 0.485454011328753 1
-0.272923667243648 0.0680124085472331 0.511973524932095 1
-0.378008350605363 0.0717120339918908 0.545153760444369 1
-0.4794702413743 0.0783565030237891 0.582800603456561 1
-0.581087914124169 0.0844849020800154 0.622719939559656 1
-0.683824491402473 0.0890947642712081 0.66430501893982 1
-0.788643095756717 0.0911836227080057 0.70694909178322 1
-0.896547669991551 0.0831926591649402 0.745006808759493 1
-1.00854215691162 0.0575630554165436 0.772832820538275 1
-1.08197454070932 0.0307438977798621 0.784757065154378 1
-1.11739377675279 0.0154077147602012 0.789111256710469 1
0.545353415979797 0.975395254078656 0.750251401254084 1
0.512942413833432 0.956927191681528 0.745627010251879 1
0.450227488540998 0.914853091782083 0.732501909391734 1
0.368569901153777 0.839578145198699 0.700738094975962 1
0.305420677868531 0.755389530462449 0.656450910876289 1
0.253217701627633 0.666506169508121 0.606524140724392 1
0.204398855373456 0.5771469842705 0.557841568151949 1
0.157481586004159 0.487262118520185 0.511166555812599 1
0.110983340417899 0.396801716027775 0.467262466359983 1
0.0599891235044446 0.304669079476533 0.428840172040879 1
-0.000416059846439183 0.209767511549724 0.398610545102064 1
-0.0782304461969975 0.13549234750514 0.385544464483034 1
-0.181452272109476 0.105238922600574 0.398612809123286 1
-0.293834664710626 0.100381824852254 0.428844316807055 1
-0.399130751127201 0.10229564227641 0.467267725318574 1
-0.500727550377718 0.107261905989251 0.511173224288775 1
-0.602012081480699 0.111562147106983 0.557851003348589 1
-0.703795814016336 0.113953737391829 0.606534545022446 1
-0.806890217564824 0.113194048606009 0.656457331834778 1
-0.911393958875207 0.100608090087753 0.700739639063843 1
-1.01740570469653 0.0675208711752865 0.732501741987899 1
-1.08519403207079 0.0342413181161488 0.745626905082917 1
-1.11739377675279 0.0154077147602012 0.750251401254084 1
0.545353415979797 0.975395254078656 0.711096961801159 1
0.511614669268313 0.961320991659172 0.706064774587768 1
0.446180219331769 0.927300340590051 0.691633150621605 1
0.360708322910681 0.861562009576772 0.656329929852477 1
0.294466852997779 0.784025348434753 0.606816888061723 1
0.239610323107416 0.699869206683856 0.550921277344787 1
0.188293246753949 0.61427243384394 0.496470349797111 1
0.138924095478466 0.527382194407155 0.444346520776065 1
0.0899113408220583 0.439345652865645 0.395432205639016 1
0.0364000709515586 0.349397913153014 0.352849893746321 1
-0.0264646259661993 0.256774079202862 0.319722074458337 1
-0.10590378222475 0.183424731219364 0.305522507924074 1
-0.209138430117629 0.151300449406693 0.319724954292543 1
-0.32077994231742 0.143173739177333 0.352854978196533 1
-0.425439691496705 0.141817105943765 0.395438144268831 1
-0.52619245364582 0.143395087554401 0.444353844113476 1
-0.626113004755099 0.144072221857654 0.496481469334507 1
-0.725890629736659 0.142416930494492 0.550934012483727 1
-0.826214613502616 0.136997635105885 0.606824466112942 1
-0.926499764860271 0.118410105054886 0.65633124877269 1
-1.02616089261693 0.077250109704548 0.691632779013509 1
-1.08833552067755 0.0375878742323734 0.706064687745894 1
-1.11739377675279 0.0154077147602012 0.711096961801159 1
0.545353415979797 0.975395254078656 0.672223018853853 1
0.51040569579801 0.96549407240017 0.66661610200101 1
0.442349223979021 0.939334041002726 0.650766023813419 1
0.352746192457084 0.883660094050006 0.612483770743341 1
0.282589607714486 0.814191351505593 0.55909597954159 1
0.223996250597667 0.736637774439869 0.498987900276846 1
0.169082901953065 0.656709323923215 0.440544783017792 1
0.11618245209968 0.574692285586803 0.384716541999849 1
0.063627791356511 0.490872945061806 0.332453091458444 1
0.00671145088687173 0.404663773563089 0.287149110333025 1
-0.0592740381459253 0.315477242305512 0.252199277563045 1
-0.140608966599244 0.243536628096316 0.237313740996702 1
-0.24357362533045 0.209065207742738 0.252202648482193 1
-0.353800597952793 0.196516303167926 0.287154900775152 1
-0.456922468079525 0.190343236295028 0.332459398631211 1
-0.555791784753621 0.186746427893603 0.384724140305265 1
-0.653261097018056 0.181926298733212 0.44055712405221 1
-0.749931044412367 0.1743202496218 0.499002495128894 1
-0.846402266476094 0.162365681367313 0.559104398792169 1
-0.941654148770254 0.136356163625122 0.612484745270668 1
-1.03466607685587 0.0865852660506003 0.650765444793024 1
-1.09134525196789 0.0407212258236195 0.666616044497486 1
-1.11739377675279 0.0154077147602012 0.672223018853853 1
0.545353415979797 0.975395254078656 0.633762201417522 1
0.509293395663259 0.969477615010015 0.627422375244544 1
0.438702625357437 0.950990988322125 0.610051601873516 1
0.344748324265074 0.905731794153819 0.569339457668256 1
0.270069920923698 0.845368137364397 0.513388708240773 1
0.206933762807825 0.775811728936791 0.450770372966826 1
0.147606197391971 0.702974279853938 0.390055471222176 1
0.0903703584676605 0.627236379946037 0.332211659656446 1
0.0335093798264204 0.548978619043288 0.278206594919259 1
-0.0274709775388916 0.467672290577398 0.231572247459361 1
-0.0970649526354168 0.382788687980069 0.195840587725497 1
-0.180492352900733 0.312617425785002 0.180701364893154 1
-0.282972985772417 0.275448118525895 0.195844328137816 1
-0.391279539361038 0.257621769230889 0.231578516869286 1
-0.492184701777166 0.245479380928126 0.278212970497363 1
-0.588388502163004 0.235373521574457 0.332219167103734 1
-0.682590969660758 0.223656759126734 0.390068584770084 1
-0.775330100736856 0.208680271563638 0.450786368233031 1
-0.867143891857727 0.188795236863852 0.51339766222919 1
-0.956767776463919 0.154319859408779 0.569339974585083 1
-1.04293718799598 0.0955723435798232 0.610050813127229 1
-1.09423917820689 0.0436760983340294 0.627422357544921 1
-1.11739377675279 0.0154077147602012 0.633762201417522 1
0.545353415979797 0.975395254078656 0.595847138497523 1
0.508255671104798 0.973302800594197 0.588624977071309 1
0.4352085463417 0.962307977850263 0.569640957708235 1
0.33677953280674 0.927636505423633 0.527036830646926 1
0.257188771530456 0.877036303700591 0.469795597084157 1
0.188981138447328 0.816390926335251 0.406315058860981 1
0.124701509491831 0.751583926981722 0.344993017818453 1
0.0626015171822698 0.683058465371761 0.286766913918351 1
0.000932794036949264 0.611257701237122 0.232574187122456 1
-0.0645414551750066 0.535629094066584 0.185953730783696 1
-0.138058025684474 0.455620103348928 0.150444438254998 1
-0.223700294709468 0.387456511934426 0.135468580805664 1
-0.325551639468008 0.347364102673352 0.150448429704994 1
-0.431599674286446 0.323702389773081 0.18596025880531 1
-0.529832013491132 0.304830887440987 0.232580341958936 1
-0.622845564335853 0.287333963164561 0.286773978748472 1
-0.713237234074398 0.267795984431294 0.345006468756516 1
-0.801500841403522 0.244513573109892 0.406332007071221 1
-0.888130205019985 0.215783351069061 0.469804788780736 1
-0.971751313800029 0.172174786016173 0.527036782743239 1
-1.0509901566199 0.104257345658597 0.569639957816906 1
-1.09703325165964 0.0464872172077458 0.588625009095423 1
-1.11739377675279 0.0154077147602012 0.595847138497523 1
0.545353415979797 0.975395254078656 0.558085461161055 1
0.507263192081915 0.977041415161127 0.549813430860926 1
0.431798961417267 0.97345731946292 0.529100509662429 1
0.328784044450053 0.94955467894007 0.485151003995633 1
0.243983334148999 0.909228298055594 0.42794783238545 1
0.170310628240225 0.858175169547661 0.365334785046193 1
0.100679724449849 0.802092286154446 0.305155652192173 1
0.0333231339426427 0.741463902462574 0.248266705778649 1
-0.0335266321166213 0.676774273058669 0.195524217760883 1
-0.103816984971742 0.607389993927186 0.150336494610793 1
-0.181495335866517 0.532677661052579 0.116111842800299 1
-0.269449698543683 0.466697536460459 0.101741314797806 1
-0.370568086745978 0.42350988217644 0.116115963071717 1
-0.474111660019425 0.393594601795619 0.150343051569542 1
-0.56934157791005 0.367431598913093 0.195529844238788 1
-0.658785020558724 0.34189322167147 0.248272951822885 1
-0.74496916810632 0.313851818213357 0.305168985065265 1
-0.828356111666335 0.281570929805395 0.365352224575653 1
-0.90940794235227 0.243314097714226 0.427956950963772 1
-0.986733140641696 0.190059507715694 0.48515027183007 1
-1.05894018701219 0.112785345585642 0.529099294774993 1
-1.099774976951 0.0492158721402867 0.549813523632064 1
-1.11739377675279 0.0154077147602013 0.558085461161055 1
0.545353415979797 0.975395254078656 0.52008480047532 1
0.506286628553897 0.980765244719215 0.510577259993018 1
0.428405845069595 0.984611323035871 0.487996676080952 1
0.320706085562984 0.971666765783755 0.443257092030657 1
0.230490783393562 0.941976567970819 0.38747660045836 1
0.151094482910565 0.900964261486437 0.327542378609343 1
0.0758517284632273 0.854053378219988 0.270341603728888 1
0.00298241444791435 0.801758051817071 0.216595436230427 1
-0.0692935647390105 0.744592415923293 0.167025036527388 1
-0.144614569879365 0.681810800055742 0.124763473245415 1
-0.226618961754967 0.612667533731511 0.0929438150101487 1
-0.316957470921607 0.548984149278969 0.0796454929331502 1
-0.417280827935077 0.502582179026486 0.0929479381259788 1
-0.518166153850387 0.466134842299621 0.124769820148299 1
-0.610190569722547 0.432315358423929 0.167029808559774 1
-0.695828920118171 0.398316766102742 0.216600462910379 1
-0.777556049603869 0.361332104039389 0.270354342750091 1
-0.855808756779266 0.319603117194981 0.327559833678516 1
-0.931023840243984 0.27137155053063 0.387485321295262 1
-1.00184163685204 0.208112588775731 0.443255543930506 1
-1.06690248345743 0.121301416659681 0.487995239914425 1
-1.10251185870579 0.0519233528271704 0.510577425637915 1
-1.11739377675279 0.0154077147602012 0.52008480047532 1
0.545353415979797 0.975395254078656 0.481987726304112 1
0.505321102715534 0.984475112876261 0.471079811625366 1
0.425027286383924 0.995753500436757 0.446511337892633 1
0.312588226668854 0.993868564801507 0.401489095084089 1
0.216840065927725 0.975022585318413 0.348385720982383 1
0.13156929678822 0.94431274532542 0.292768757901187 1
0.050562411878022 0.906836228160472 0.240205748154171 1
-0.0279693089012342 0.863130134750429 0.191234122286758 1
-0.105814585647915 0.813731566022148 0.14639131084437 1
-0.186291084931484 0.757763490736296 0.108404496360143 1
-0.272716473321409 0.694348877653536 0.0800008613672145 1
-0.365480140726862 0.633028617876423 0.0681958415952458 1
-0.464971477057016 0.583343602507508 0.0800048727738971 1
-0.563107823042399 0.540202164793551 0.108410416571138 1
-0.651806519413535 0.498512637981311 0.146394934654938 1
-0.733500800669717 0.455808372086286 0.191237569255649 1
-0.810623901310234 0.409622717123972 0.240217462603625 1
-0.883591303784896 0.358182564861359 0.29278579585845 1
-0.952818490543512 0.299714807065436 0.348393750179713 1
-1.01700786100229 0.22624506703776 0.401486613921554 1
-1.07486181457742 0.129798968079888 0.446509675438117 1
-1.10524216985399 0.0546142950162166 0.471080060938435 1
-1.11739377675279 0.0154077147602012 0.481987726304112 1
0.545353415979797 0.975395254078656 0.443936808511227 1
0.504361736761613 0.98817184324007 0.431484432915753 1
0.421661374445494 1.00686736353322 0.404826376026302 1
0.304473038290983 1.01605587484015 0.359981013488017 1
0.203160128415067 1.00810782197052 0.310679013637016 1
0.111971664203063 0.987775164238449 0.260844841272482 1
0.0251566650402877 0.959809860958028 0.214402961193593 1
-0.059080703704122 0.924769372577821 0.171663780960718 1
-0.142536276661029 0.883211159546391 0.132937708134225 1
-0.228203405161707 0.834120044252889 0.100429393627558 1
-0.319075440537425 0.776480849086467 0.0763434883541638 1
-0.414274236843065 0.717543209739289 0.0664070871676415 1
-0.512921648133506 0.66455676190352 0.0763472849215913 1
-0.608281334858532 0.614675622785871 0.100434692867618 1
-0.693616957467926 0.565053909593055 0.132939922257324 1
-0.771324199868883 0.513571815250013 0.171665328103391 1
-0.843798745968601 0.458109532681691 0.214413265418498 1
-0.911436279725809 0.396881702387238 0.260861072594094 1
-0.974632485099237 0.328102964865808 0.310686088021628 1
-1.03216287166369 0.244367980343256 0.359977496680218 1
-1.08280294899396 0.138271409045439 0.404824483548982 1
-1.10796418332558 0.057293334455245 0.43148477535908 1
-1.11739377675279 0.0154077147602012 0.443936808511227 1
0.545353415979797 0.975395254078656 0.405965261417331 1
0.503405848575649 0.991858304986383 0.391857136053036 1
0.418305014539856 1.01795366022834 0.363032084437726 1
0.296372657359382 1.0382005762982 0.318723924696304 1
0.189495185607827 1.04114749850243 0.274101002978131 1
0.09238647293912 1.03119617980745 0.231192819127103 1
-0.000239606992812482 1.0127483731797 0.192028872987121 1
-0.0901855477464408 0.98638109269463 0.156658841792641 1
-0.179253842880236 0.95267135242768 0.125132402778121 1
-0.270113018511672 0.91046406153554 0.0990407557533115 1
-0.365431600758224 0.858604129174895 0.079975100527964 1
-0.463064266361866 0.80205075650882 0.0721996461308975 1
-0.560865692064575 0.745763144700391 0.0799786015909316 1
-0.653445335276999 0.68914046909009 0.0990452823086115 1
-0.735412653409789 0.631581905018401 0.125133003684483 1
-0.809127044424646 0.571315819603159 0.156658240123347 1
-0.876947906283271 0.506570579962197 0.192037466030005 1
-0.93925160719869 0.435549365491428 0.231207939134089 1
-0.996414515383926 0.356455355586763 0.274106917165227 1
-1.04728838940945 0.262456761204725 0.31871929293836 1
-1.09072498784572 0.146721793301838 0.363029959268425 1
-1.1106790424062 0.059964228253801 0.3918575789443 1
-1.11739377675279 0.0154077147602013 0.405965261417331 1
0.545353415979797 0.975395254078656 0.368106299343088 1
0.502450756041153 0.995537367290942 0.352263933226073 1
0.414955111952562 1.02901313842519 0.321218757082669 1
0.288299220804061 1.06027454957419 0.277708906162817 1
0.175889452258244 1.0740568354894 0.238396213561597 1
0.0728986107804171 1.07442045361435 0.203234881868926 1
-0.0255004991641154 1.06542586139254 0.17217911367472 1
-0.121117618813883 1.04767062249624 0.144993734322859 1
-0.215762489407414 1.02175230059767 0.121443569157224 1
-0.311781412923019 0.986379143514265 0.102441173443052 1
-0.411520691339011 0.940259399063413 0.0888991024455826 1
-0.511574736374913 0.886074089826271 0.0834939349655744 1
-0.60853795975025 0.826504238383989 0.0889022498037883 1
-0.698358470276015 0.763181956519714 0.102444818164994 1
-0.776984376763196 0.697739356016592 0.121442411253963 1
-0.846737261045978 0.628749109154957 0.144990805985256 1
-0.909938704958544 0.554783888215144 0.172185779273438 1
-0.966945208800224 0.474034389892736 0.203248670727074 1
-1.01811327287035 0.384691310883319 0.23840081995473 1
-1.06236613481277 0.280486842134676 0.277703103427842 1
-1.09862703227136 0.155153174594592 0.321216397617848 1
-1.11338789038152 0.0626307335214296 0.352264481738543 1
-1.11739377675279 0.0154077147602012 0.368106299343088 1
0.545353415979797 0.975395254078655 0.342752704744141 1
0.501806470979033 0.998009276427467 0.32571034629287 1
0.412703720238448 1.03643338478266 0.293150823870261 1
0.282899268232951 1.07504554519909 0.250297162473684 1
0.166820746655384 1.09602151041008 0.214839162111977 1
0.0599378790575419 1.10321122551247 0.18525517334108 1
-0.0422796110087807 1.10046463560313 0.160023546716931 1
-0.141647713475315 1.08839548237816 0.138706825504247 1
-0.239982418273792 1.06761750753368 0.120867552967742 1
-0.339417993766324 1.03675394296008 0.106932793555385 1
-0.442088708315023 0.994428020547794 0.0973296117151455 1
-0.543752225936622 0.941807628528587 0.0936116359749128 1
-0.640166210647852 0.880060655134245 0.0973324948625766 1
-0.72816801280004 0.812302047845038 0.106935796153531 1
-0.804594982744513 0.741646754141236 0.120865147623168 1
-0.871739622684919 0.666891519079033 0.138702253772607 1
-0.931894434824909 0.586833087714622 0.160028819102964 1
-0.985401217022808 0.499651377258872 0.18526796748683 1
-1.03260176713694 0.403526304922649 0.214842822796794 1
-1.07245677416249 0.292549707808194 0.250290548094043 1
-1.10392692709461 0.160813423017745 0.293148306439761 1
-1.11520663957127 0.064424547450899 0.325710968070276 1
-1.11739377675279 0.0154077147602012 0.342752704744141 1
0.545353415979797 0.975395254078656 0.33 1
0.5014804174865 0.999256064702763 0.312348811296029 1
0.411567886500376 1.04017160815755 0.27902383907062 1
0.280185970450902 1.08247033776233 0.23651674658601 1
0.162277417259442 1.10703812959258 0.20303817026081 1
0.0534568798700276 1.11762669643532 0.176312429751426 1
-0.0506609887733111 1.11798775107758 0.154063844714265 1
-0.151895913276746 1.10874419737875 0.135751647225846 1
-0.252067618246449 1.09051893919823 0.120835069362691 1
-0.353205312962283 1.06189520429698 0.10949276517714 1
-0.457338206704109 1.02145622043599 0.101903388721533 1
-0.559806152078275 0.969614091700433 0.0990476190607887 1
-0.655949001691127 0.906780922175514 0.101906135259827 1
-0.743048321227635 0.83681220317292 0.109495437787375 1
-0.818385676372769 0.763563426004343 0.120832027112161 1
-0.884237350105821 0.685941284952734 0.135746237298996 1
-0.942879625406082 0.602852474301045 0.154068402412692 1
-0.994646312356772 0.512470462941718 0.176324709540092 1
-1.03987122104111 0.412968719767194 0.203041345768041 1
-1.07752946043483 0.298612329826981 0.236509720225193 1
-1.10659613951366 0.163666378170587 0.279021242040202 1
-1.11612344128679 0.0653302577129801 0.312349470269091 1
-1.11739377675279 0.0154077147602012 0.33 1
