3
3 3
101 8
0 0 0 0 0.0208333333333333 0.0208333333333333 0.0416666666666667 0.0416666666666667 0.0625 0.0625 0.0833333333333333 0.0833333333333333 0.104166666666667 0.104166666666667 0.125 0.125 0.145833333333333 0.145833333333333 0.166666666666667 0.166666666666667 0.1875 0.1875 0.208333333333333 0.208333333333333 0.229166666666667 0.229166666666667 0.25 0.25 0.25 0.270833333333333 0.270833333333333 0.291666666666667 0.291666666666667 0.3125 0.3125 0.333333333333333 0.333333333333333 0.354166666666667 0.354166666666667 0.375 0.375 0.395833333333333 0.395833333333333 0.416666666666667 0.416666666666667 0.4375 0.4375 0.458333333333333 0.458333333333333 0.479166666666667 0.479166666666667 0.5 0.5 0.5 0.520833333333333 0.520833333333333 0.541666666666667 0.541666666666667 0.5625 0.5625 0.583333333333333 0.583333333333333 0.604166666666667 0.604166666666667 0.625 0.625 0.645833333333333 0.645833333333333 0.666666666666667 0.666666666666667 0.6875 0.6875 0.708333333333333 0.708333333333333 0.729166666666667 0.729166666666667 0.75 0.75 0.75 0.770833333333333 0.770833333333333 0.791666666666667 0.791666666666667 0.8125 0.8125 0.833333333333333 0.833333333333333 0.854166666666667 0.854166666666667 0.875 0.875 0.895833333333333 0.895833333333333 0.916666666666667 0.916666666666667 0.9375 0.9375 0.958333333333333 0.958333333333333 0.979166666666667 0.979166666666667 1 1 1 1 
0 0 0 0 0.125 0.25 0.5 0.75 1 1 1 1 
1.1175 0 0 1
1.1175 0.0446256883036098 0 0.983728154510364
1.11482992080525 0.0895195100207816 0 0.968812296144864
1.10376512684264 0.1807816506682 0 0.941692553662137
1.09523566787578 0.22692671503132 0 0.92948866954491
1.07190712303077 0.319624653038547 0 0.907792875558728
1.05702704189185 0.365907520655873 0 0.898300965689773
1.02071795349119 0.457622410167213 0 0.882029120200137
0.999279698804359 0.502754433782668 0 0.875249184579456
0.949914512574824 0.590802753806588 0 0.864401287586364
0.922061376401573 0.633413563086975 0 0.860333326213956
0.860304935876018 0.715065370253064 0 0.85490937771741
0.826559402645304 0.75382425330663 0 0.853553390593274
0.75382425330663 0.826559402645304 0 0.853553390593274
0.715065370253064 0.860304935876019 0 0.854909377717411
0.633413563086976 0.922061376401574 0 0.860333326213955
0.590802753806588 0.949914512574823 0 0.864401287586365
0.502754433782668 0.999279698804359 0 0.875249184579456
0.457622410167213 1.02071795349119 0 0.882029120200137
0.365907520655874 1.05702704189185 0 0.898300965689773
0.319624653038546 1.07190712303077 0 0.907792875558728
0.22692671503132 1.09523566787578 0 0.929488669544909
0.1807816506682 1.10376512684264 0 0.941692553662137
0.0895195100207815 1.11482992080525 0 0.968812296144864
0.0446256883036099 1.1175 0 0.983728154510364
6.84271399023584E-17 1.1175 0 1
-0.0446256883036097 1.1175 0 0.983728154510363
-0.0895195100207813 1.11482992080525 0 0.968812296144864
-0.1807816506682 1.10376512684264 0 0.941692553662137
-0.22692671503132 1.09523566787578 0 0.92948866954491
-0.319624653038547 1.07190712303077 0 0.907792875558728
-0.365907520655873 1.05702704189185 0 0.898300965689773
-0.457622410167213 1.02071795349119 0 0.882029120200137
-0.502754433782667 0.99927969880436 0 0.875249184579455
-0.590802753806588 0.949914512574823 0 0.864401287586364
-0.633413563086975 0.922061376401574 0 0.860333326213956
-0.715065370253065 0.860304935876019 0 0.85490937771741
-0.753824253306629 0.826559402645303 0 0.853553390593274
-0.826559402645304 0.75382425330663 0 0.853553390593274
-0.860304935876018 0.715065370253065 0 0.85490937771741
-0.922061376401574 0.633413563086975 0 0.860333326213955
-0.949914512574823 0.590802753806588 0 0.864401287586365
-0.999279698804359 0.502754433782668 0 0.875249184579455
-1.02071795349119 0.457622410167213 0 0.882029120200138
-1.05702704189185 0.365907520655874 0 0.898300965689773
-1.07190712303077 0.319624653038547 0 0.907792875558728
-1.09523566787578 0.22692671503132 0 0.92948866954491
-1.10376512684264 0.1807816506682 0 0.941692553662137
-1.11482992080525 0.0895195100207815 0 0.968812296144864
-1.1175 0.0446256883036099 0 0.983728154510363
-1.1175 1.36854279804717E-16 0 1
-1.1175 -0.0446256883036098 0 0.983728154510363
-1.11482992080525 -0.0895195100207815 0 0.968812296144864
-1.10376512684264 -0.1807816506682 0 0.941692553662137
-1.09523566787578 -0.22692671503132 0 0.92948866954491
-1.07190712303077 -0.319624653038546 0 0.907792875558727
-1.05702704189185 -0.365907520655873 0 0.898300965689773
-1.02071795349119 -0.457622410167213 0 0.882029120200137
-0.999279698804359 -0.502754433782668 0 0.875249184579455
-0.949914512574824 -0.590802753806588 0 0.864401287586365
-0.922061376401574 -0.633413563086975 0 0.860333326213956
-0.860304935876019 -0.715065370253064 0 0.85490937771741
-0.826559402645304 -0.75382425330663 0 0.853553390593273
-0.75382425330663 -0.826559402645303 0 0.853553390593274
-0.715065370253064 -0.860304935876018 0 0.85490937771741
-0.633413563086975 -0.922061376401574 0 0.860333326213956
-0.590802753806588 -0.949914512574823 0 0.864401287586365
-0.502754433782668 -0.999279698804359 0 0.875249184579455
-0.457622410167213 -1.02071795349119 0 0.882029120200138
-0.365907520655874 -1.05702704189185 0 0.898300965689773
-0.319624653038546 -1.07190712303077 0 0.907792875558728
-0.22692671503132 -1.09523566787578 0 0.92948866954491
-0.1807816506682 -1.10376512684264 0 0.941692553662137
-0.0895195100207819 -1.11482992080525 0 0.968812296144863
-0.0446256883036101 -1.1175 0 0.983728154510364
-2.05281419707075E-16 -1.1175 0 1
0.0446256883036097 -1.1175 0 0.983728154510363
0.0895195100207815 -1.11482992080525 0 0.968812296144864
0.1807816506682 -1.10376512684264 0 0.941692553662137
0.22692671503132 -1.09523566787578 0 0.92948866954491
0.319624653038546 -1.07190712303077 0 0.907792875558728
0.365907520655873 -1.05702704189185 0 0.898300965689773
0.457622410167213 -1.02071795349119 0 0.882029120200137
0.502754433782668 -0.999279698804359 0 0.875249184579455
0.590802753806588 -0.949914512574824 0 0.864401287586365
0.633413563086976 -0.922061376401574 0 0.860333326213955
0.715065370253064 -0.860304935876019 0 0.85490937771741
0.753824253306629 -0.826559402645304 0 0.853553390593274
0.826559402645303 -0.75382425330663 0 0.853553390593274
0.860304935876019 -0.715065370253064 0 0.85490937771741
0.922061376401574 -0.633413563086975 0 0.860333326213956
0.949914512574823 -0.590802753806588 0 0.864401287586365
0.999279698804359 -0.502754433782668 0 0.875249184579455
1.02071795349119 -0.457622410167213 0 0.882029120200138
1.05702704189185 -0.365907520655874 0 0.898300965689773
1.07190712303077 -0.319624653038546 0 0.907792875558728
1.09523566787578 -0.22692671503132 0 0.92948866954491
1.10376512684264 -0.1807816506682 0 0.941692553662137
1.11482992080525 -0.0895195100207817 0 0.968812296144863
1.1175 -0.0446256883036099 0 0.983728154510364
1.1175 0 0 1
1.12927083333333 0 0 1
1.12927083333333 0.0450957388981576 0 0.983728154510364
1.12657262970262 0.0904624355085097 0 0.968812296144864
1.11539128822717 0.182685857093023 0 0.941692553662137
1.10677198689796 0.229316975918582 0 0.92948866954491
1.0831977181932 0.322991318380955 0 0.907792875558728
1.06816090241886 0.369761691967778 0 0.898300965689773
1.03146936370227 0.462442631303389 0 0.882029120200137
1.00980529593009 0.508050038836493 0 0.875249184579456
0.959920137101386 0.597025788032925 0 0.864401287586364
0.931773618714529 0.640085424815986 0 0.860333326213956
0.869366686225943 0.722597285506476 0 0.85490937771741
0.835265705078089 0.761764423014278 0 0.853553390593274
0.761764423014278 0.835265705078089 0 0.853553390593274
0.722597285506476 0.869366686225943 0 0.854909377717411
0.640085424815986 0.931773618714529 0 0.860333326213955
0.597025788032925 0.959920137101385 0 0.864401287586365
0.508050038836493 1.00980529593009 0 0.875249184579456
0.462442631303389 1.03146936370227 0 0.882029120200137
0.369761691967778 1.06816090241886 0 0.898300965689773
0.322991318380955 1.0831977181932 0 0.907792875558728
0.229316975918582 1.10677198689796 0 0.929488669544909
0.182685857093023 1.11539128822717 0 0.941692553662137
0.0904624355085098 1.12657262970262 0 0.968812296144864
0.0450957388981576 1.12927083333333 0 0.983728154510364
6.91478955706065E-17 1.12927083333333 0 1
-0.0450957388981575 1.12927083333333 0 0.983728154510363
-0.0904624355085095 1.12657262970262 0 0.968812296144864
-0.182685857093023 1.11539128822717 0 0.941692553662137
-0.229316975918581 1.10677198689796 0 0.92948866954491
-0.322991318380955 1.0831977181932 0 0.907792875558728
-0.369761691967778 1.06816090241886 0 0.898300965689773
-0.462442631303389 1.03146936370227 0 0.882029120200137
-0.508050038836493 1.0098052959301 0 0.875249184579455
-0.597025788032925 0.959920137101385 0 0.864401287586364
-0.640085424815986 0.931773618714529 0 0.860333326213956
-0.722597285506476 0.869366686225943 0 0.85490937771741
-0.761764423014278 0.835265705078089 0 0.853553390593274
-0.835265705078088 0.761764423014278 0 0.853553390593274
-0.869366686225943 0.722597285506476 0 0.85490937771741
-0.931773618714528 0.640085424815986 0 0.860333326213955
-0.959920137101385 0.597025788032925 0 0.864401287586365
-1.00980529593009 0.508050038836493 0 0.875249184579455
-1.03146936370227 0.462442631303389 0 0.882029120200138
-1.06816090241886 0.369761691967778 0 0.898300965689773
-1.0831977181932 0.322991318380955 0 0.907792875558728
-1.10677198689796 0.229316975918582 0 0.92948866954491
-1.11539128822717 0.182685857093023 0 0.941692553662137
-1.12657262970262 0.0904624355085097 0 0.968812296144864
-1.12927083333333 0.0450957388981577 0 0.983728154510363
-1.12927083333333 1.38295791141213E-16 0 1
-1.12927083333333 -0.0450957388981575 0 0.983728154510363
-1.12657262970262 -0.0904624355085097 0 0.968812296144864
-1.11539128822717 -0.182685857093023 0 0.941692553662137
-1.10677198689796 -0.229316975918581 0 0.92948866954491
-1.0831977181932 -0.322991318380955 0 0.907792875558727
-1.06816090241886 -0.369761691967778 0 0.898300965689773
-1.03146936370228 -0.462442631303389 0 0.882029120200137
-1.0098052959301 -0.508050038836494 0 0.875249184579455
-0.959920137101385 -0.597025788032925 0 0.864401287586365
-0.931773618714528 -0.640085424815986 0 0.860333326213956
-0.869366686225944 -0.722597285506476 0 0.85490937771741
-0.835265705078089 -0.761764423014278 0 0.853553390593273
-0.761764423014278 -0.835265705078089 0 0.853553390593274
-0.722597285506476 -0.869366686225943 0 0.85490937771741
-0.640085424815987 -0.931773618714529 0 0.860333326213956
-0.597025788032925 -0.959920137101384 0 0.864401287586365
-0.508050038836494 -1.0098052959301 0 0.875249184579455
-0.462442631303389 -1.03146936370227 0 0.882029120200138
-0.369761691967778 -1.06816090241886 0 0.898300965689773
-0.322991318380955 -1.0831977181932 0 0.907792875558728
-0.229316975918582 -1.10677198689796 0 0.92948866954491
-0.182685857093024 -1.11539128822717 0 0.941692553662137
-0.0904624355085102 -1.12657262970262 0 0.968812296144863
-0.0450957388981578 -1.12927083333333 0 0.983728154510364
-2.0744368671182E-16 -1.12927083333333 0 1
0.0450957388981574 -1.12927083333333 0 0.983728154510363
0.0904624355085097 -1.12657262970262 0 0.968812296144864
0.182685857093023 -1.11539128822717 0 0.941692553662137
0.229316975918581 -1.10677198689796 0 0.92948866954491
0.322991318380954 -1.0831977181932 0 0.907792875558728
0.369761691967778 -1.06816090241886 0 0.898300965689773
0.462442631303389 -1.03146936370227 0 0.882029120200137
0.508050038836494 -1.00980529593009 0 0.875249184579455
0.597025788032925 -0.959920137101385 0 0.864401287586365
0.640085424815987 -0.931773618714529 0 0.860333326213955
0.722597285506475 -0.869366686225943 0 0.85490937771741
0.761764423014278 -0.835265705078089 0 0.853553390593274
0.835265705078089 -0.761764423014278 0 0.853553390593274
0.869366686225943 -0.722597285506476 0 0.85490937771741
0.931773618714529 -0.640085424815987 0 0.860333326213956
0.959920137101384 -0.597025788032925 0 0.864401287586365
1.0098052959301 -0.508050038836494 0 0.875249184579455
1.03146936370227 -0.462442631303389 0 0.882029120200138
1.06816090241886 -0.369761691967778 0 0.898300965689773
1.0831977181932 -0.322991318380955 0 0.907792875558728
1.10677198689796 -0.229316975918582 0 0.92948866954491
1.11539128822717 -0.182685857093023 0 0.941692553662137
1.12657262970262 -0.0904624355085099 0 0.968812296144863
1.12927083333333 -0.0450957388981576 0 0.983728154510364
1.12927083333333 0 0 1
1.1528125 0 0 1
1.1528125 0.0460358400872529 0 0.983728154510364
1.15005804749736 0.0923482864839662 0 0.968812296144864
1.13864361099623 0.18649426994267 0 0.941692553662137
1.12984462494233 0.234097497693104 0 0.92948866954491
1.10577890851804 0.329724649065771 0 0.907792875558728
1.09042862347289 0.377470034591587 0 0.898300965689773
1.05297218412444 0.472083073575741 0 0.882029120200137
1.03085649018157 0.518641248944145 0 0.875249184579456
0.979931386154509 0.609471856485599 0 0.864401287586364
0.951198103340438 0.653429148274008 0 0.860333326213956
0.887490186925792 0.737661116013298 0 0.85490937771741
0.852678309943659 0.777644762429575 0 0.853553390593274
0.777644762429574 0.852678309943659 0 0.853553390593274
0.737661116013298 0.887490186925792 0 0.854909377717411
0.653429148274008 0.951198103340439 0 0.860333326213955
0.609471856485599 0.979931386154508 0 0.864401287586365
0.518641248944145 1.03085649018157 0 0.875249184579456
0.472083073575741 1.05297218412444 0 0.882029120200137
0.377470034591588 1.09042862347289 0 0.898300965689773
0.329724649065771 1.10577890851804 0 0.907792875558728
0.234097497693104 1.12984462494233 0 0.929488669544909
0.18649426994267 1.13864361099623 0 0.941692553662137
0.0923482864839663 1.15005804749736 0 0.968812296144864
0.0460358400872531 1.1528125 0 0.983728154510364
7.05894069071029E-17 1.1528125 0 1
-0.0460358400872529 1.1528125 0 0.983728154510363
-0.092348286483966 1.15005804749736 0 0.968812296144864
-0.18649426994267 1.13864361099623 0 0.941692553662137
-0.234097497693104 1.12984462494233 0 0.92948866954491
-0.329724649065771 1.10577890851804 0 0.907792875558728
-0.377470034591587 1.09042862347289 0 0.898300965689773
-0.472083073575741 1.05297218412444 0 0.882029120200137
-0.518641248944145 1.03085649018157 0 0.875249184579455
-0.609471856485599 0.979931386154509 0 0.864401287586364
-0.653429148274008 0.951198103340438 0 0.860333326213956
-0.737661116013299 0.887490186925792 0 0.85490937771741
-0.777644762429574 0.852678309943659 0 0.853553390593274
-0.852678309943659 0.777644762429574 0 0.853553390593274
-0.887490186925792 0.737661116013299 0 0.85490937771741
-0.951198103340438 0.653429148274008 0 0.860333326213955
-0.979931386154508 0.609471856485599 0 0.864401287586365
-1.03085649018157 0.518641248944145 0 0.875249184579455
-1.05297218412444 0.472083073575741 0 0.882029120200138
-1.09042862347289 0.377470034591588 0 0.898300965689773
-1.10577890851804 0.329724649065771 0 0.907792875558728
-1.12984462494233 0.234097497693104 0 0.92948866954491
-1.13864361099623 0.18649426994267 0 0.941692553662137
-1.15005804749736 0.0923482864839662 0 0.968812296144864
-1.1528125 0.0460358400872531 0 0.983728154510363
-1.1528125 1.41178813814206E-16 0 1
-1.1528125 -0.0460358400872529 0 0.983728154510363
-1.15005804749736 -0.0923482864839661 0 0.968812296144864
-1.13864361099623 -0.18649426994267 0 0.941692553662137
-1.12984462494233 -0.234097497693104 0 0.92948866954491
-1.10577890851805 -0.329724649065771 0 0.907792875558727
-1.09042862347289 -0.377470034591587 0 0.898300965689773
-1.05297218412444 -0.472083073575741 0 0.882029120200137
-1.03085649018157 -0.518641248944145 0 0.875249184579455
-0.979931386154508 -0.609471856485599 0 0.864401287586365
-0.951198103340438 -0.653429148274008 0 0.860333326213956
-0.887490186925793 -0.737661116013298 0 0.85490937771741
-0.85267830994366 -0.777644762429574 0 0.853553390593273
-0.777644762429574 -0.852678309943659 0 0.853553390593274
-0.737661116013298 -0.887490186925792 0 0.85490937771741
-0.653429148274008 -0.951198103340438 0 0.860333326213956
-0.609471856485599 -0.979931386154508 0 0.864401287586365
-0.518641248944145 -1.03085649018157 0 0.875249184579455
-0.472083073575741 -1.05297218412444 0 0.882029120200138
-0.377470034591588 -1.09042862347289 0 0.898300965689773
-0.329724649065771 -1.10577890851804 0 0.907792875558728
-0.234097497693104 -1.12984462494233 0 0.92948866954491
-0.186494269942671 -1.13864361099623 0 0.941692553662137
-0.0923482864839665 -1.15005804749736 0 0.968812296144863
-0.0460358400872533 -1.1528125 0 0.983728154510364
-2.11768220721309E-16 -1.1528125 0 1
0.0460358400872528 -1.1528125 0 0.983728154510363
0.0923482864839661 -1.15005804749736 0 0.968812296144864
0.18649426994267 -1.13864361099623 0 0.941692553662137
0.234097497693104 -1.12984462494233 0 0.92948866954491
0.329724649065771 -1.10577890851804 0 0.907792875558728
0.377470034591587 -1.09042862347289 0 0.898300965689773
0.472083073575741 -1.05297218412444 0 0.882029120200137
0.518641248944145 -1.03085649018157 0 0.875249184579455
0.609471856485599 -0.979931386154509 0 0.864401287586365
0.653429148274008 -0.951198103340438 0 0.860333326213955
0.737661116013298 -0.887490186925792 0 0.85490937771741
0.777644762429574 -0.852678309943659 0 0.853553390593274
0.852678309943659 -0.777644762429574 0 0.853553390593274
0.887490186925792 -0.737661116013298 0 0.85490937771741
0.951198103340438 -0.653429148274008 0 0.860333326213956
0.979931386154508 -0.609471856485599 0 0.864401287586365
1.03085649018157 -0.518641248944145 0 0.875249184579455
1.05297218412444 -0.472083073575741 0 0.882029120200138
1.09042862347289 -0.377470034591588 0 0.898300965689773
1.10577890851804 -0.329724649065771 0 0.907792875558728
1.12984462494233 -0.234097497693104 0 0.92948866954491
1.13864361099623 -0.18649426994267 0 0.941692553662137
1.15005804749736 -0.0923482864839664 0 0.968812296144863
1.1528125 -0.0460358400872531 0 0.983728154510364
1.1528125 0 0 1
1.19989583333333 0 0 1
1.19989583333333 0.0479160424654438 0 0.983728154510364
1.19702888308684 0.096119988434879 0 0.968812296144864
1.18514825653434 0.194111095641964 0 0.941692553662137
1.17598990103105 0.243658541242149 0 0.92948866954491
1.15094128916774 0.343191310435404 0 0.907792875558728
1.13496406558093 0.392886719839206 0 0.898300965689773
1.09597782496878 0.491363958120445 0 0.882029120200137
1.07295887868451 0.539823669159447 0 0.875249184579456
1.01995388426076 0.634363993390948 0 0.864401287586364
0.990047072592257 0.680116595190051 0 0.860333326213956
0.92373718832549 0.767788777026943 0 0.85490937771741
0.887503519674801 0.809405441260167 0 0.853553390593274
0.809405441260167 0.8875035196748 0 0.853553390593274
0.767788777026944 0.92373718832549 0 0.854909377717411
0.680116595190052 0.990047072592257 0 0.860333326213955
0.634363993390948 1.01995388426076 0 0.864401287586365
0.539823669159447 1.07295887868451 0 0.875249184579456
0.491363958120444 1.09597782496878 0 0.882029120200137
0.392886719839206 1.13496406558093 0 0.898300965689773
0.343191310435404 1.15094128916774 0 0.907792875558728
0.243658541242149 1.17598990103105 0 0.929488669544909
0.194111095641965 1.18514825653434 0 0.941692553662137
0.0961199884348791 1.19702888308684 0 0.968812296144864
0.047916042465444 1.19989583333333 0 0.983728154510364
7.34724295800956E-17 1.19989583333333 0 1
-0.0479160424654438 1.19989583333333 0 0.983728154510363
-0.0961199884348788 1.19702888308684 0 0.968812296144864
-0.194111095641964 1.18514825653434 0 0.941692553662137
-0.243658541242149 1.17598990103105 0 0.92948866954491
-0.343191310435404 1.15094128916774 0 0.907792875558728
-0.392886719839206 1.13496406558093 0 0.898300965689773
-0.491363958120444 1.09597782496878 0 0.882029120200137
-0.539823669159447 1.07295887868451 0 0.875249184579455
-0.634363993390948 1.01995388426076 0 0.864401287586364
-0.680116595190051 0.990047072592257 0 0.860333326213956
-0.767788777026943 0.92373718832549 0 0.85490937771741
-0.809405441260166 0.8875035196748 0 0.853553390593274
-0.8875035196748 0.809405441260167 0 0.853553390593274
-0.92373718832549 0.767788777026944 0 0.85490937771741
-0.990047072592257 0.680116595190051 0 0.860333326213955
-1.01995388426076 0.634363993390948 0 0.864401287586365
-1.07295887868451 0.539823669159447 0 0.875249184579455
-1.09597782496878 0.491363958120444 0 0.882029120200138
-1.13496406558093 0.392886719839206 0 0.898300965689773
-1.15094128916774 0.343191310435405 0 0.907792875558728
-1.17598990103105 0.24365854124215 0 0.92948866954491
-1.18514825653434 0.194111095641964 0 0.941692553662137
-1.19702888308684 0.0961199884348791 0 0.968812296144864
-1.19989583333333 0.047916042465444 0 0.983728154510363
-1.19989583333333 1.46944859160191E-16 0 1
-1.19989583333333 -0.0479160424654438 0 0.983728154510363
-1.19702888308684 -0.096119988434879 0 0.968812296144864
-1.18514825653434 -0.194111095641964 0 0.941692553662137
-1.17598990103105 -0.243658541242149 0 0.92948866954491
-1.15094128916774 -0.343191310435404 0 0.907792875558727
-1.13496406558093 -0.392886719839206 0 0.898300965689773
-1.09597782496878 -0.491363958120444 0 0.882029120200137
-1.07295887868451 -0.539823669159448 0 0.875249184579455
-1.01995388426076 -0.634363993390948 0 0.864401287586365
-0.990047072592257 -0.680116595190051 0 0.860333326213956
-0.92373718832549 -0.767788777026943 0 0.85490937771741
-0.8875035196748 -0.809405441260167 0 0.853553390593273
-0.809405441260167 -0.8875035196748 0 0.853553390593274
-0.767788777026943 -0.92373718832549 0 0.85490937771741
-0.680116595190052 -0.990047072592257 0 0.860333326213956
-0.634363993390948 -1.01995388426076 0 0.864401287586365
-0.539823669159448 -1.07295887868451 0 0.875249184579455
-0.491363958120445 -1.09597782496878 0 0.882029120200138
-0.392886719839207 -1.13496406558093 0 0.898300965689773
-0.343191310435404 -1.15094128916774 0 0.907792875558728
-0.243658541242149 -1.17598990103105 0 0.92948866954491
-0.194111095641965 -1.18514825653434 0 0.941692553662137
-0.0961199884348795 -1.19702888308684 0 0.968812296144863
-0.0479160424654441 -1.19989583333333 0 0.983728154510364
-2.20417288740287E-16 -1.19989583333333 0 1
0.0479160424654437 -1.19989583333333 0 0.983728154510363
0.0961199884348789 -1.19702888308684 0 0.968812296144864
0.194111095641964 -1.18514825653434 0 0.941692553662137
0.243658541242149 -1.17598990103105 0 0.92948866954491
0.343191310435404 -1.15094128916774 0 0.907792875558728
0.392886719839206 -1.13496406558093 0 0.898300965689773
0.491363958120444 -1.09597782496878 0 0.882029120200137
0.539823669159447 -1.07295887868451 0 0.875249184579455
0.634363993390948 -1.01995388426076 0 0.864401287586365
0.680116595190051 -0.990047072592257 0 0.860333326213955
0.767788777026943 -0.923737188325491 0 0.85490937771741
0.809405441260166 -0.8875035196748 0 0.853553390593274
0.8875035196748 -0.809405441260167 0 0.853553390593274
0.92373718832549 -0.767788777026943 0 0.85490937771741
0.990047072592257 -0.680116595190052 0 0.860333326213956
1.01995388426076 -0.634363993390948 0 0.864401287586365
1.07295887868451 -0.539823669159448 0 0.875249184579455
1.09597782496878 -0.491363958120444 0 0.882029120200138
1.13496406558093 -0.392886719839207 0 0.898300965689773
1.15094128916774 -0.343191310435404 0 0.907792875558728
1.17598990103105 -0.243658541242149 0 0.92948866954491
1.18514825653434 -0.194111095641964 0 0.941692553662137
1.19702888308684 -0.0961199884348792 0 0.968812296144863
1.19989583333333 -0.0479160424654439 0 0.983728154510364
1.19989583333333 0 0 1
1.25875 0 0 1
1.25875 0.0502662954381824 0 0.983728154510364
1.2557424275737 0.10083461587352 0 0.968812296144864
1.24327906345698 0.203632127766082 0 0.941692553662137
1.23367149614196 0.255609845678456 0 0.92948866954491
1.20739426497985 0.360024637147446 0 0.907792875558728
1.19063336821599 0.41215757639873 0 0.898300965689773
1.14973487602419 0.515465063801324 0 0.882029120200137
1.12558686431319 0.566301694428575 0 0.875249184579456
1.06998200689357 0.665479164522633 0 0.864401287586364
1.03860828415703 0.713475903835105 0 0.860333326213956
0.969045940075112 0.805448353294 0 0.85490937771741
0.931035031838726 0.849106289798408 0 0.853553390593274
0.849106289798408 0.931035031838726 0 0.853553390593274
0.805448353294 0.969045940075113 0 0.854909377717411
0.713475903835106 1.03860828415703 0 0.860333326213955
0.665479164522633 1.06998200689356 0 0.864401287586365
0.566301694428575 1.12558686431319 0 0.875249184579456
0.515465063801324 1.14973487602419 0 0.882029120200137
0.41215757639873 1.19063336821599 0 0.898300965689773
0.360024637147445 1.20739426497985 0 0.907792875558728
0.255609845678456 1.23367149614196 0 0.929488669544909
0.203632127766082 1.24327906345698 0 0.941692553662137
0.10083461587352 1.2557424275737 0 0.968812296144864
0.0502662954381825 1.25875 0 0.983728154510364
7.70762079213365E-17 1.25875 0 1
-0.0502662954381823 1.25875 0 0.983728154510363
-0.10083461587352 1.2557424275737 0 0.968812296144864
-0.203632127766082 1.24327906345698 0 0.941692553662137
-0.255609845678456 1.23367149614196 0 0.92948866954491
-0.360024637147446 1.20739426497985 0 0.907792875558728
-0.41215757639873 1.19063336821599 0 0.898300965689773
-0.515465063801324 1.14973487602419 0 0.882029120200137
-0.566301694428575 1.12558686431319 0 0.875249184579455
-0.665479164522633 1.06998200689357 0 0.864401287586364
-0.713475903835106 1.03860828415703 0 0.860333326213956
-0.805448353294 0.969045940075113 0 0.85490937771741
-0.849106289798408 0.931035031838725 0 0.853553390593274
-0.931035031838725 0.849106289798408 0 0.853553390593274
-0.969045940075113 0.805448353294 0 0.85490937771741
-1.03860828415703 0.713475903835106 0 0.860333326213955
-1.06998200689356 0.665479164522633 0 0.864401287586365
-1.12558686431319 0.566301694428575 0 0.875249184579455
-1.14973487602419 0.515465063801324 0 0.882029120200138
-1.19063336821599 0.41215757639873 0 0.898300965689773
-1.20739426497985 0.360024637147446 0 0.907792875558728
-1.23367149614196 0.255609845678456 0 0.92948866954491
-1.24327906345698 0.203632127766082 0 0.941692553662137
-1.2557424275737 0.10083461587352 0 0.968812296144864
-1.25875 0.0502662954381825 0 0.983728154510363
-1.25875 1.54152415842673E-16 0 1
-1.25875 -0.0502662954381824 0 0.983728154510363
-1.2557424275737 -0.10083461587352 0 0.968812296144864
-1.24327906345698 -0.203632127766082 0 0.941692553662137
-1.23367149614196 -0.255609845678455 0 0.92948866954491
-1.20739426497985 -0.360024637147445 0 0.907792875558727
-1.19063336821599 -0.41215757639873 0 0.898300965689773
-1.14973487602419 -0.515465063801324 0 0.882029120200137
-1.12558686431319 -0.566301694428576 0 0.875249184579455
-1.06998200689356 -0.665479164522633 0 0.864401287586365
-1.03860828415703 -0.713475903835105 0 0.860333326213956
-0.969045940075113 -0.805448353294 0 0.85490937771741
-0.931035031838726 -0.849106289798407 0 0.853553390593273
-0.849106289798407 -0.931035031838726 0 0.853553390593274
-0.805448353294 -0.969045940075112 0 0.85490937771741
-0.713475903835106 -1.03860828415703 0 0.860333326213956
-0.665479164522633 -1.06998200689356 0 0.864401287586365
-0.566301694428576 -1.12558686431319 0 0.875249184579455
-0.515465063801324 -1.14973487602419 0 0.882029120200138
-0.41215757639873 -1.19063336821599 0 0.898300965689773
-0.360024637147445 -1.20739426497985 0 0.907792875558728
-0.255609845678456 -1.23367149614196 0 0.92948866954491
-0.203632127766082 -1.24327906345698 0 0.941692553662137
-0.100834615873521 -1.2557424275737 0 0.968812296144863
-0.0502662954381827 -1.25875 0 0.983728154510364
-2.3122862376401E-16 -1.25875 0 1
0.0502662954381823 -1.25875 0 0.983728154510363
0.10083461587352 -1.2557424275737 0 0.968812296144864
0.203632127766082 -1.24327906345698 0 0.941692553662137
0.255609845678455 -1.23367149614196 0 0.92948866954491
0.360024637147445 -1.20739426497985 0 0.907792875558728
0.41215757639873 -1.19063336821599 0 0.898300965689773
0.515465063801324 -1.14973487602419 0 0.882029120200137
0.566301694428576 -1.12558686431319 0 0.875249184579455
0.665479164522633 -1.06998200689357 0 0.864401287586365
0.713475903835106 -1.03860828415703 0 0.860333326213955
0.805448353294 -0.969045940075113 0 0.85490937771741
0.849106289798407 -0.931035031838726 0 0.853553390593274
0.931035031838726 -0.849106289798407 0 0.853553390593274
0.969045940075112 -0.805448353293999 0 0.85490937771741
1.03860828415703 -0.713475903835106 0 0.860333326213956
1.06998200689356 -0.665479164522633 0 0.864401287586365
1.12558686431319 -0.566301694428576 0 0.875249184579455
1.14973487602419 -0.515465063801324 0 0.882029120200138
1.19063336821599 -0.41215757639873 0 0.898300965689773
1.20739426497985 -0.360024637147446 0 0.907792875558728
1.23367149614196 -0.255609845678456 0 0.92948866954491
1.24327906345698 -0.203632127766082 0 0.941692553662137
1.2557424275737 -0.10083461587352 0 0.968812296144863
1.25875 -0.0502662954381825 0 0.983728154510364
1.25875 0 0 1
1.329375 0 0 1
1.329375 0.0530865990054687 0 0.983728154510364
1.32619868095792 0.106492168799889 0 0.968812296144864
1.31303603176415 0.215057366315023 0 0.941692553662137
1.30288941027505 0.269951411002024 0 0.92948866954491
1.27513783595439 0.380224629201895 0 0.907792875558727
1.25743653137806 0.435282604270158 0 0.898300965689773
1.2142433372907 0.544386390618379 0 0.882029120200137
1.1887404470676 0.598075324751529 0 0.875249184579456
1.13001575405294 0.702817369880656 0 0.864401287586364
1.09688173803476 0.75350707420917 0 0.860333326213956
1.02341644217466 0.850639844814467 0 0.85490937771741
0.983272846435437 0.896747308044297 0 0.853553390593274
0.896747308044296 0.983272846435437 0 0.853553390593274
0.850639844814467 1.02341644217466 0 0.854909377717411
0.753507074209171 1.09688173803476 0 0.860333326213955
0.702817369880655 1.13001575405294 0 0.864401287586365
0.59807532475153 1.1887404470676 0 0.875249184579456
0.544386390618379 1.2142433372907 0 0.882029120200137
0.435282604270158 1.25743653137806 0 0.898300965689773
0.380224629201895 1.27513783595439 0 0.907792875558728
0.269951411002024 1.30288941027505 0 0.929488669544909
0.215057366315023 1.31303603176415 0 0.941692553662137
0.106492168799889 1.32619868095792 0 0.968812296144864
0.0530865990054689 1.329375 0 0.983728154510364
8.14007419308256E-17 1.329375 0 1
-0.0530865990054686 1.329375 0 0.983728154510364
-0.106492168799889 1.32619868095792 0 0.968812296144863
-0.215057366315023 1.31303603176415 0 0.941692553662137
-0.269951411002024 1.30288941027505 0 0.929488669544909
-0.380224629201895 1.27513783595439 0 0.907792875558727
-0.435282604270158 1.25743653137806 0 0.898300965689774
-0.544386390618379 1.2142433372907 0 0.882029120200137
-0.598075324751529 1.1887404470676 0 0.875249184579455
-0.702817369880656 1.13001575405294 0 0.864401287586364
-0.753507074209171 1.09688173803476 0 0.860333326213956
-0.850639844814468 1.02341644217466 0 0.85490937771741
-0.896747308044296 0.983272846435437 0 0.853553390593274
-0.983272846435437 0.896747308044295 0 0.853553390593274
-1.02341644217466 0.850639844814468 0 0.85490937771741
-1.09688173803476 0.753507074209171 0 0.860333326213955
-1.13001575405294 0.702817369880656 0 0.864401287586365
-1.1887404470676 0.598075324751529 0 0.875249184579455
-1.2142433372907 0.544386390618379 0 0.882029120200138
-1.25743653137806 0.435282604270158 0 0.898300965689773
-1.27513783595439 0.380224629201895 0 0.907792875558728
-1.30288941027505 0.269951411002024 0 0.92948866954491
-1.31303603176415 0.215057366315023 0 0.941692553662137
-1.32619868095792 0.106492168799889 0 0.968812296144864
-1.329375 0.0530865990054689 0 0.983728154510363
-1.329375 1.62801483861651E-16 0 1
-1.329375 -0.0530865990054687 0 0.983728154510363
-1.32619868095792 -0.106492168799889 0 0.968812296144864
-1.31303603176415 -0.215057366315023 0 0.941692553662136
-1.30288941027505 -0.269951411002023 0 0.92948866954491
-1.2751378359544 -0.380224629201895 0 0.907792875558727
-1.25743653137806 -0.435282604270158 0 0.898300965689773
-1.2142433372907 -0.544386390618379 0 0.882029120200137
-1.1887404470676 -0.59807532475153 0 0.875249184579455
-1.13001575405294 -0.702817369880656 0 0.864401287586365
-1.09688173803476 -0.753507074209171 0 0.860333326213956
-1.02341644217466 -0.850639844814468 0 0.85490937771741
-0.983272846435438 -0.896747308044296 0 0.853553390593273
-0.896747308044296 -0.983272846435437 0 0.853553390593274
-0.850639844814467 -1.02341644217466 0 0.85490937771741
-0.753507074209171 -1.09688173803476 0 0.860333326213956
-0.702817369880656 -1.13001575405294 0 0.864401287586365
-0.59807532475153 -1.1887404470676 0 0.875249184579455
-0.54438639061838 -1.21424333729069 0 0.882029120200138
-0.435282604270158 -1.25743653137806 0 0.898300965689773
-0.380224629201895 -1.27513783595439 0 0.907792875558728
-0.269951411002024 -1.30288941027505 0 0.92948866954491
-0.215057366315023 -1.31303603176415 0 0.941692553662137
-0.10649216879989 -1.32619868095792 0 0.968812296144863
-0.0530865990054691 -1.329375 0 0.983728154510364
-2.44202225792477E-16 -1.329375 0 1
0.0530865990054685 -1.329375 0 0.983728154510363
0.106492168799889 -1.32619868095792 0 0.968812296144864
0.215057366315023 -1.31303603176415 0 0.941692553662136
0.269951411002023 -1.30288941027505 0 0.92948866954491
0.380224629201895 -1.27513783595439 0 0.907792875558727
0.435282604270158 -1.25743653137806 0 0.898300965689773
0.544386390618379 -1.2142433372907 0 0.882029120200137
0.598075324751529 -1.1887404470676 0 0.875249184579455
0.702817369880656 -1.13001575405294 0 0.864401287586365
0.75350707420917 -1.09688173803476 0 0.860333326213955
0.850639844814467 -1.02341644217466 0 0.85490937771741
0.896747308044296 -0.983272846435438 0 0.853553390593274
0.983272846435437 -0.896747308044296 0 0.853553390593274
1.02341644217466 -0.850639844814468 0 0.85490937771741
1.09688173803476 -0.753507074209171 0 0.860333326213956
1.13001575405294 -0.702817369880656 0 0.864401287586365
1.1887404470676 -0.59807532475153 0 0.875249184579455
1.21424333729069 -0.544386390618379 0 0.882029120200138
1.25743653137806 -0.435282604270158 0 0.898300965689773
1.27513783595439 -0.380224629201895 0 0.907792875558728
1.30288941027505 -0.269951411002023 0 0.92948866954491
1.31303603176415 -0.215057366315023 0 0.941692553662137
1.32619868095792 -0.10649216879989 0 0.968812296144863
1.329375 -0.0530865990054689 0 0.983728154510364
1.329375 0 0 1
1.37645833333333 0 0 1
1.37645833333333 0.0549668013836595 0 0.983728154510364
1.37316951654741 0.110263870750802 0 0.968812296144864
1.35954067730226 0.222674192014317 0 0.941692553662137
1.34903468636378 0.279512454551069 0 0.92948866954491
1.32030021660409 0.393691290571528 0 0.907792875558728
1.3019719734861 0.450699289517777 0 0.898300965689773
1.25724897813503 0.563667275163083 0 0.882029120200137
1.23084283557054 0.619257744966832 0 0.875249184579456
1.17003825215918 0.727709506786004 0 0.864401287586364
1.13573070728658 0.780194521125213 0 0.860333326213956
1.05966344357436 0.880767505828113 0 0.85490937771741
1.01809805616658 0.928507986874889 0 0.853553390593274
0.928507986874889 1.01809805616658 0 0.853553390593274
0.880767505828113 1.05966344357436 0 0.854909377717411
0.780194521125214 1.13573070728658 0 0.860333326213955
0.727709506786004 1.17003825215918 0 0.864401287586365
0.619257744966832 1.23084283557054 0 0.875249184579456
0.563667275163083 1.25724897813503 0 0.882029120200137
0.450699289517777 1.3019719734861 0 0.898300965689773
0.393691290571528 1.32030021660409 0 0.907792875558728
0.279512454551069 1.34903468636378 0 0.929488669544909
0.222674192014317 1.35954067730226 0 0.941692553662137
0.110263870750802 1.3731695165474 0 0.968812296144864
0.0549668013836597 1.37645833333333 0 0.983728154510364
8.42837646038183E-17 1.37645833333333 0 1
-0.0549668013836595 1.37645833333333 0 0.983728154510363
-0.110263870750802 1.3731695165474 0 0.968812296144864
-0.222674192014317 1.35954067730226 0 0.941692553662137
-0.279512454551069 1.34903468636378 0 0.92948866954491
-0.393691290571528 1.32030021660409 0 0.907792875558728
-0.450699289517777 1.3019719734861 0 0.898300965689773
-0.563667275163083 1.25724897813503 0 0.882029120200137
-0.619257744966832 1.23084283557054 0 0.875249184579455
-0.727709506786004 1.17003825215918 0 0.864401287586364
-0.780194521125214 1.13573070728658 0 0.860333326213956
-0.880767505828113 1.05966344357436 0 0.85490937771741
-0.928507986874889 1.01809805616658 0 0.853553390593274
-1.01809805616658 0.928507986874888 0 0.853553390593274
-1.05966344357436 0.880767505828113 0 0.85490937771741
-1.13573070728658 0.780194521125214 0 0.860333326213955
-1.17003825215918 0.727709506786004 0 0.864401287586365
-1.23084283557054 0.619257744966832 0 0.875249184579455
-1.25724897813503 0.563667275163083 0 0.882029120200138
-1.3019719734861 0.450699289517777 0 0.898300965689773
-1.32030021660409 0.393691290571528 0 0.907792875558728
-1.34903468636378 0.279512454551069 0 0.92948866954491
-1.35954067730226 0.222674192014317 0 0.941692553662137
-1.3731695165474 0.110263870750802 0 0.968812296144864
-1.37645833333333 0.0549668013836597 0 0.983728154510363
-1.37645833333333 1.68567529207637E-16 0 1
-1.37645833333333 -0.0549668013836596 0 0.983728154510363
-1.3731695165474 -0.110263870750802 0 0.968812296144864
-1.35954067730226 -0.222674192014317 0 0.941692553662137
-1.34903468636378 -0.279512454551069 0 0.92948866954491
-1.32030021660409 -0.393691290571528 0 0.907792875558727
-1.3019719734861 -0.450699289517777 0 0.898300965689773
-1.25724897813503 -0.563667275163083 0 0.882029120200137
-1.23084283557055 -0.619257744966832 0 0.875249184579455
-1.17003825215918 -0.727709506786004 0 0.864401287586365
-1.13573070728658 -0.780194521125214 0 0.860333326213956
-1.05966344357436 -0.880767505828113 0 0.85490937771741
-1.01809805616658 -0.928507986874889 0 0.853553390593273
-0.928507986874889 -1.01809805616658 0 0.853553390593274
-0.880767505828113 -1.05966344357436 0 0.85490937771741
-0.780194521125214 -1.13573070728658 0 0.860333326213956
-0.727709506786005 -1.17003825215918 0 0.864401287586365
-0.619257744966832 -1.23084283557054 0 0.875249184579455
-0.563667275163083 -1.25724897813503 0 0.882029120200138
-0.450699289517777 -1.30197197348611 0 0.898300965689773
-0.393691290571528 -1.32030021660409 0 0.907792875558728
-0.279512454551069 -1.34903468636378 0 0.92948866954491
-0.222674192014317 -1.35954067730226 0 0.941692553662137
-0.110263870750803 -1.3731695165474 0 0.968812296144863
-0.0549668013836599 -1.37645833333333 0 0.983728154510364
-2.52851293811455E-16 -1.37645833333333 0 1
0.0549668013836594 -1.37645833333333 0 0.983728154510363
0.110263870750802 -1.3731695165474 0 0.968812296144864
0.222674192014317 -1.35954067730226 0 0.941692553662137
0.279512454551069 -1.34903468636378 0 0.92948866954491
0.393691290571528 -1.32030021660409 0 0.907792875558728
0.450699289517777 -1.3019719734861 0 0.898300965689773
0.563667275163083 -1.25724897813503 0 0.882029120200137
0.619257744966832 -1.23084283557054 0 0.875249184579455
0.727709506786004 -1.17003825215918 0 0.864401287586365
0.780194521125214 -1.13573070728658 0 0.860333326213955
0.880767505828112 -1.05966344357436 0 0.85490937771741
0.928507986874888 -1.01809805616658 0 0.853553390593274
1.01809805616658 -0.928507986874889 0 0.853553390593274
1.05966344357436 -0.880767505828112 0 0.85490937771741
1.13573070728658 -0.780194521125214 0 0.860333326213956
1.17003825215918 -0.727709506786004 0 0.864401287586365
1.23084283557054 -0.619257744966832 0 0.875249184579455
1.25724897813503 -0.563667275163083 0 0.882029120200138
1.3019719734861 -0.450699289517777 0 0.898300965689773
1.32030021660409 -0.393691290571528 0 0.907792875558728
1.34903468636378 -0.279512454551069 0 0.92948866954491
1.35954067730226 -0.222674192014317 0 0.941692553662137
1.3731695165474 -0.110263870750803 0 0.968812296144863
1.37645833333333 -0.0549668013836597 0 0.983728154510364
1.37645833333333 0 0 1
1.4 0 0 1
1.4 0.055906902572755 0 0.983728154510364
1.39665493434215 0.112149721726259 0 0.968812296144864
1.38279300007132 0.226482604863964 0 0.941692553662137
1.37210732440814 0.284292976325591 0 0.92948866954491
1.34288140692893 0.400424621256345 0 0.907792875558728
1.32423969454013 0.458407632141586 0 0.898300965689773
1.2787517985572 0.573307717435435 0 0.882029120200137
1.25189402982202 0.629848955074483 0 0.875249184579456
1.19004950121231 0.740155575238678 0 0.864401287586364
1.15515519191249 0.793538244583236 0 0.860333326213956
1.07778694427421 0.895831336334935 0 0.85490937771741
1.03551066103215 0.944388326290186 0 0.853553390593274
0.944388326290185 1.03551066103215 0 0.853553390593274
0.895831336334935 1.07778694427421 0 0.854909377717411
0.793538244583236 1.15515519191249 0 0.860333326213955
0.740155575238678 1.19004950121231 0 0.864401287586365
0.629848955074483 1.25189402982202 0 0.875249184579456
0.573307717435435 1.2787517985572 0 0.882029120200137
0.458407632141586 1.32423969454013 0 0.898300965689773
0.400424621256345 1.34288140692893 0 0.907792875558728
0.284292976325592 1.37210732440814 0 0.929488669544909
0.226482604863964 1.38279300007132 0 0.941692553662137
0.112149721726259 1.39665493434215 0 0.968812296144864
0.0559069025727552 1.4 0 0.983728154510364
8.57252759403147E-17 1.4 0 1
-0.0559069025727549 1.4 0 0.983728154510363
-0.112149721726258 1.39665493434215 0 0.968812296144864
-0.226482604863964 1.38279300007132 0 0.941692553662137
-0.284292976325591 1.37210732440814 0 0.92948866954491
-0.400424621256345 1.34288140692893 0 0.907792875558728
-0.458407632141586 1.32423969454013 0 0.898300965689773
-0.573307717435435 1.2787517985572 0 0.882029120200137
-0.629848955074483 1.25189402982202 0 0.875249184579455
-0.740155575238678 1.19004950121231 0 0.864401287586364
-0.793538244583236 1.15515519191249 0 0.860333326213956
-0.895831336334936 1.07778694427421 0 0.85490937771741
-0.944388326290185 1.03551066103215 0 0.853553390593274
-1.03551066103215 0.944388326290185 0 0.853553390593274
-1.07778694427421 0.895831336334936 0 0.85490937771741
-1.15515519191249 0.793538244583235 0 0.860333326213955
-1.19004950121231 0.740155575238678 0 0.864401287586365
-1.25189402982202 0.629848955074483 0 0.875249184579455
-1.2787517985572 0.573307717435435 0 0.882029120200138
-1.32423969454013 0.458407632141587 0 0.898300965689773
-1.34288140692893 0.400424621256345 0 0.907792875558728
-1.37210732440814 0.284292976325592 0 0.92948866954491
-1.38279300007132 0.226482604863964 0 0.941692553662137
-1.39665493434215 0.112149721726259 0 0.968812296144864
-1.4 0.0559069025727552 0 0.983728154510363
-1.4 1.71450551880629E-16 0 1
-1.4 -0.0559069025727549 0 0.983728154510363
-1.39665493434215 -0.112149721726259 0 0.968812296144864
-1.38279300007132 -0.226482604863964 0 0.941692553662137
-1.37210732440814 -0.284292976325591 0 0.92948866954491
-1.34288140692893 -0.400424621256345 0 0.907792875558727
-1.32423969454013 -0.458407632141586 0 0.898300965689773
-1.2787517985572 -0.573307717435435 0 0.882029120200137
-1.25189402982202 -0.629848955074483 0 0.875249184579455
-1.19004950121231 -0.740155575238678 0 0.864401287586365
-1.15515519191249 -0.793538244583235 0 0.860333326213956
-1.07778694427421 -0.895831336334936 0 0.85490937771741
-1.03551066103215 -0.944388326290185 0 0.853553390593273
-0.944388326290185 -1.03551066103215 0 0.853553390593274
-0.895831336334935 -1.07778694427421 0 0.85490937771741
-0.793538244583236 -1.15515519191249 0 0.860333326213956
-0.740155575238679 -1.19004950121231 0 0.864401287586365
-0.629848955074484 -1.25189402982202 0 0.875249184579455
-0.573307717435435 -1.2787517985572 0 0.882029120200138
-0.458407632141587 -1.32423969454013 0 0.898300965689773
-0.400424621256345 -1.34288140692893 0 0.907792875558728
-0.284292976325591 -1.37210732440814 0 0.92948866954491
-0.226482604863964 -1.38279300007132 0 0.941692553662137
-0.112149721726259 -1.39665493434215 0 0.968812296144863
-0.0559069025727554 -1.4 0 0.983728154510364
-2.57175827820944E-16 -1.4 0 1
0.0559069025727549 -1.4 0 0.983728154510363
0.112149721726259 -1.39665493434215 0 0.968812296144864
0.226482604863964 -1.38279300007132 0 0.941692553662137
0.284292976325591 -1.37210732440814 0 0.92948866954491
0.400424621256344 -1.34288140692893 0 0.907792875558728
0.458407632141586 -1.32423969454013 0 0.898300965689773
0.573307717435435 -1.2787517985572 0 0.882029120200137
0.629848955074483 -1.25189402982202 0 0.875249184579455
0.740155575238678 -1.19004950121231 0 0.864401287586365
0.793538244583235 -1.15515519191249 0 0.860333326213955
0.895831336334935 -1.07778694427421 0 0.85490937771741
0.944388326290185 -1.03551066103215 0 0.853553390593274
1.03551066103215 -0.944388326290185 0 0.853553390593274
1.07778694427421 -0.895831336334935 0 0.85490937771741
1.15515519191249 -0.793538244583235 0 0.860333326213956
1.19004950121231 -0.740155575238678 0 0.864401287586365
1.25189402982202 -0.629848955074484 0 0.875249184579455
1.2787517985572 -0.573307717435434 0 0.882029120200138
1.32423969454013 -0.458407632141586 0 0.898300965689773
1.34288140692893 -0.400424621256344 0 0.907792875558728
1.37210732440814 -0.284292976325591 0 0.92948866954491
1.38279300007132 -0.226482604863964 0 0.941692553662137
1.39665493434215 -0.112149721726259 0 0.968812296144863
1.4 -0.0559069025727552 0 0.983728154510364
1.4 0 0 1
