3
3 3
4 11
0 0 0 0 1 1 1 1 
0 0 0 0 0.125 0.25 0.375 0.5 0.625 0.75 0.875 1 1 1 1 
0.545353415979797 -0.975395254078656 0.94 1
0.554249064244196 -0.970259349158589 0.94 1
0.563144712508596 -0.965123444238522 0.94 1
0.572040360772995 -0.959987539318455 0.94 1
0.545353415979797 -0.975395254078656 0.900833333333333 1
0.554252003013445 -0.970264466377988 0.900835711898944 0.999997359601113
0.563147674765967 -0.965128547897047 0.900835711898944 0.999997359601113
0.572040360772995 -0.959987539318455 0.900833333333333 1
0.545353415979797 -0.975395254078656 0.8225 1
0.554257880598502 -0.970274700897855 0.822506515235861 0.999992078803341
0.56315359932764 -0.965138755294953 0.822506515235862 0.99999207880334
0.572040360772995 -0.959987539318455 0.8225 1
0.545353415979797 -0.975395254078656 0.705 1
0.554266697092483 -0.970290052880333 0.705011169064235 0.99998415760668
0.563162486287474 -0.965154066593951 0.705011169064235 0.99998415760668
0.572040360772995 -0.959987539318455 0.705 1
0.545353415979797 -0.975395254078656 0.5875 1
0.554275513726141 -0.970305405106029 0.587513961440887 0.99997623641002
0.563171373388102 -0.965169378135524 0.587513961440887 0.99997623641002
0.572040360772995 -0.959987539318455 0.5875 1
0.545353415979797 -0.975395254078656 0.47 1
0.554284330499481 -0.970320757574949 0.47001489232158 0.999968315213361
0.563180260629528 -0.965184689919674 0.470014892321581 0.99996831521336
0.572040360772995 -0.959987539318455 0.47 1
0.545353415979797 -0.975395254078656 0.3525 1
0.554293147412504 -0.970336110287098 0.352513961662078 0.999960394016701
0.563189148011755 -0.96520000194641 0.352513961662078 0.9999603940167
0.572040360772995 -0.959987539318455 0.3525 1
0.545353415979797 -0.975395254078656 0.235 1
0.554301964465215 -0.970351463242483 0.235011169418141 0.999952472820041
0.563198035534785 -0.965215314215737 0.235011169418141 0.999952472820041
0.572040360772995 -0.959987539318455 0.235 1
0.545353415979797 -0.975395254078656 0.1175 1
0.554310781657618 -0.970366816441109 0.117506515545529 0.999944551623381
0.563206923198624 -0.96523062672766 0.117506515545529 0.999944551623381
0.572040360772995 -0.959987539318455 0.1175 1
0.545353415979797 -0.975395254078656 0.0391666666666667 1
0.554316659863494 -0.970377052041996 0.0391690453704537 0.999939270825608
0.563212848386077 -0.965240835203721 0.0391690453704537 0.999939270825608
0.572040360772995 -0.959987539318455 0.0391666666666667 1
0.545353415979797 -0.975395254078656 0 1
0.554319598989714 -0.970382169882981 0 0.999936630426722
0.563215811003272 -0.965245939482185 0 0.999936630426721
0.572040360772995 -0.959987539318455 0 1
