3
3 3
21 6
0 0 0 0 0.0555556666666667 0.111111333333333 0.166666661940922 0.222222333333333 0.277777666666667 0.333333323881843 0.388888666666667 0.444444333333333 0.499999985822765 0.555555666666667 0.611111333333333 0.666666657215177 0.722222333333333 0.777777666666667 0.833333328607588 0.888888666666667 0.944444333333333 1 1 1 1 
0 0 0 0 0.333333333333333 0.666666666666667 1 1 1 1 
-1.11739377675279 -0.0154077147602015 0.33 1
-1.11621017540213 -0.0565396251218224 0.315483103631548 1
-1.10968378948787 -0.139224431840454 0.287169801180955 1
-1.086918646741 -0.262790198002832 0.247488169499651 1
-1.05067990082609 -0.384170634141543 0.211221531626344 1
-1.00046959734495 -0.501641369563726 0.178996716980669 1
-0.936732134797347 -0.613443791636511 0.151415363781064 1
-0.859912360721736 -0.717818395479965 0.12907934141826 1
-0.770454566528841 -0.81300651613476 0.112590327761066 1
-0.669965830662587 -0.897561663772722 0.1023643700707 1
-0.560052833728823 -0.970037668140332 0.0988174835173482 1
-0.442322718237759 -1.02898806311795 0.102365695860583 1
-0.318838137681054 -1.07374011861423 0.112593115631499 1
-0.191661281833821 -1.1036213591534 0.129083857953089 1
-0.0628547916886875 -1.11795912370436 0.151422011566881 1
0.0658371409415767 -1.11725104354885 0.179005034893137 1
0.192669297655604 -1.10199469462319 0.211230188154773 1
0.315897479119185 -1.07268759036651 0.247494969225213 1
0.434279828623895 -1.03062219870574 0.287173409684877 1
0.509143231175747 -0.994934618170708 0.315484264223293 1
0.545353415979797 -0.975395254078656 0.33 1
-1.11739377675279 -0.0154077147602027 0.293333333333333 1
-1.11627648533026 -0.0566979248371134 0.280429425450265 1
-1.10979357390914 -0.139671463263768 0.255262045494183 1
-1.08691651330496 -0.263559295615833 0.21998948399969 1
-1.05047902640868 -0.385123340381046 0.18775247255675 1
-1.00007346447636 -0.5026117995687 0.159108192871706 1
-0.936191064451577 -0.614306932150053 0.134591434472057 1
-0.859323513273773 -0.718490104885779 0.114737192371787 1
-0.769961941381559 -0.813443523571788 0.10008029134317 1
-0.669678801013759 -0.897758347573908 0.0909905511739555 1
-0.560046147047972 -0.970026055325161 0.0878377631265318 1
-0.44263649491663 -1.02883783040038 0.0909917296538519 1
-0.319462662188701 -1.07353205377849 0.100082769450221 1
-0.192537004251174 -1.10344736033675 0.114741207069413 1
-0.0638723270774083 -1.11792219959509 0.134597343615005 1
0.0647991618343199 -1.11739323130632 0.159115586571677 1
0.191744228923666 -1.10229705908967 0.187760167248687 1
0.315230660182099 -1.07307022495897 0.21999552820019 1
0.433947727229918 -1.03094072220302 0.255265253053224 1
0.509039339189089 -0.995071162887824 0.280430457087371 1
0.545353415979797 -0.975395254078656 0.293333333333333 1
-1.11739377675279 -0.0154077147602053 0.22 1
-1.11640910518652 -0.0570145242676953 0.210322069087699 1
-1.11001314275168 -0.140565526110395 0.191446534120637 1
-1.08691224643288 -0.265097490841835 0.164992112999767 1
-1.05007727757385 -0.387028752860053 0.140814354417563 1
-0.999281198739181 -0.504552659578649 0.119331144653779 1
-0.935108923760034 -0.616033213177137 0.100943575854043 1
-0.858145818377846 -0.719833523697409 0.0860528942788403 1
-0.768976691086994 -0.814317538445845 0.0750602185073772 1
-0.669104741716104 -0.898151715176279 0.0682429133804667 1
-0.560032773686269 -0.97000282969482 0.0658783223448988 1
-0.443264048274373 -1.02853736496526 0.0682437972403889 1
-0.320711711203994 -1.073115924107 0.0750620770876658 1
-0.19428844908588 -1.10309936270345 0.0860559053020594 1
-0.0659073978548497 -1.11784835137653 0.100948007711254 1
0.0627232036198063 -1.11767760682124 0.119336689928758 1
0.18989409145979 -1.10290178802263 0.140820125436515 1
0.313897022307926 -1.07383549414389 0.164996646150142 1
0.433283524441964 -1.03157776919758 0.191448939789918 1
0.508831555215772 -0.995344252322056 0.210322842815529 1
0.545353415979797 -0.975395254078656 0.22 1
-1.11739377675279 -0.0154077147602091 0.11 1
-1.1166080349709 -0.0574894234135683 0.105161034543849 1
-1.11034249601549 -0.141906620380336 0.0957232670603185 1
-1.08690584612477 -0.267404783680838 0.0824960564998837 1
-1.0494746543216 -0.389886871578563 0.0704071772087814 1
-0.998092800133416 -0.507463949593572 0.0596655723268896 1
-0.933485712722722 -0.618622634717764 0.0504717879270214 1
-0.856379276033955 -0.721848651914853 0.0430264471394201 1
-0.767498815645146 -0.815628560756931 0.0375301092536886 1
-0.668243652769622 -0.898741766579835 0.0341214566902333 1
-0.560012713643717 -0.969967991249309 0.0329391611724494 1
-0.444205378310987 -1.02808666681257 0.0341218986201945 1
-0.322585284726935 -1.07249172959976 0.0375310385438329 1
-0.196915616337939 -1.1025773662535 0.0430279526510297 1
-0.0689600040210122 -1.1177375790487 0.0504740038556269 1
0.0596092662980356 -1.11810417009363 0.059668344964379 1
0.187118885263975 -1.10380888142208 0.0704100627182577 1
0.311896565496667 -1.07498339792128 0.0824983230750711 1
0.432287220260033 -1.03253333968942 0.0957244698949588 1
0.508519879255796 -0.995753886473404 0.105161421407764 1
0.545353415979797 -0.975395254078657 0.11 1
-1.11739377675279 -0.0154077147602116 0.0366666666666667 1
-1.11674065482716 -0.0578060228441502 0.0350536781812831 1
-1.11056206485803 -0.142800683226964 0.0319077556867728 1
-1.08690157925269 -0.26894297890684 0.0274986854999612 1
-1.04907290548677 -0.391792284057569 0.0234690590695938 1
-0.997300534396238 -0.50940480960352 0.0198885241089632 1
-0.932403572031179 -0.620348915744848 0.0168239293090071 1
-0.855201581138028 -0.723192070726482 0.0143421490464734 1
-0.766513565350581 -0.816502575630988 0.0125100364178962 1
-0.667669593471966 -0.899135134182206 0.0113738188967444 1
-0.559999340282014 -0.969944765618967 0.0109797203908165 1
-0.444832931668729 -1.02778620137745 0.0113739662067315 1
-0.323834333742229 -1.07207559992826 0.0125103461812776 1
-0.198667061172644 -1.1022293686202 0.0143426508836766 1
-0.0709950747984536 -1.11766373083015 0.0168246679518756 1
0.0575333080835221 -1.11838854560855 0.0198894483214597 1
0.185268747800099 -1.10441361035505 0.0234700209060859 1
0.310562927622494 -1.0757486671062 0.0274994410250237 1
0.431623017472079 -1.03317038668397 0.031908156631653 1
0.508312095282479 -0.996026975907636 0.0350538071359214 1
0.545353415979797 -0.975395254078656 0.0366666666666667 1
-1.11739377675279 -0.0154077147602129 0 1
-1.11680696475529 -0.0579643225594411 0 1
-1.1106718492793 -0.143247714650277 0 1
-1.08689944581665 -0.269712076519841 0 1
-1.04887203106935 -0.392744990297072 0 1
-0.996904401527649 -0.510375239608495 0 1
-0.931862501685408 -0.62121205625839 0 1
-0.854612733690064 -0.723863780132297 0 1
-0.766020940203298 -0.816939583068017 0 1
-0.667382563823139 -0.899331817983391 0 1
-0.559992653601163 -0.969933152803797 0 1
-0.445146708347601 -1.02763596865989 0 1
-0.324458858249875 -1.07186753509252 0 1
-0.199542783589997 -1.10205536980355 0 1
-0.0720126101871744 -1.11762680672087 0 1
0.0564953289762653 -1.11853073336602 0 1
0.184343679068161 -1.10471597482153 0 1
0.309896108685408 -1.07613130169867 0 1
0.431290916078101 -1.03348891018125 0 1
0.508208203295821 -0.996163520624752 0 1
0.545353415979797 -0.975395254078656 0 1
