3
3 3
4 11
0 0 0 0 1 1 1 1 
0 0 0 0 0.125 0.25 0.375 0.5 0.625 0.75 0.875 1 1 1 1 
-1.11739377675279 0.0154077147602012 0.94 1
-1.11739377675279 0.00513590492006701 0.94 1
-1.11739377675279 -0.00513590492006723 0.94 1
-1.11739377675279 -0.0154077147602015 0.94 1
-1.11739377675279 0.0154077147602017 0.900833333333333 1
-1.11739967777941 0.00513591848094061 0.900835711898944 0.999997359601113
-1.11739967777941 -0.00513591848094082 0.900835711898944 0.999997359601113
-1.11739377675279 -0.0154077147602019 0.900833333333333 1
-1.11739377675279 0.0154077147602027 0.8225 1
-1.11741147992614 0.00513594560290265 0.822506515235861 0.999992078803341
-1.11741147992614 -0.00513594560290287 0.822506515235862 0.99999207880334
-1.11739377675279 -0.0154077147602029 0.8225 1
-1.11739377675279 0.0154077147602042 0.705 1
-1.11742918337996 0.00513598628638281 0.705011169064235 0.99998415760668
-1.11742918337996 -0.00513598628638301 0.705011169064235 0.99998415760668
-1.11739377675279 -0.0154077147602043 0.705 1
-1.11739377675279 0.0154077147602056 0.5875 1
-1.11744688711424 0.00513602697050751 0.587513961440887 0.99997623641002
-1.11744688711424 -0.0051360269705077 0.587513961440887 0.99997623641002
-1.11739377675279 -0.0154077147602057 0.5875 1
-1.11739377675279 0.0154077147602071 0.47 1
-1.11746459112901 0.00513606765527677 0.47001489232158 0.99996831521336
-1.11746459112901 -0.00513606765527696 0.470014892321581 0.99996831521336
-1.11739377675279 -0.0154077147602072 0.47 1
-1.11739377675279 0.0154077147602085 0.3525 1
-1.11748229542426 0.00513610834069059 0.352513961662078 0.999960394016701
-1.11748229542426 -0.00513610834069077 0.352513961662078 0.9999603940167
-1.11739377675279 -0.0154077147602086 0.3525 1
-1.11739377675279 0.01540771476021 0.235 1
-1.1175 0.005136149026749 0.235011169418141 0.999952472820041
-1.1175 -0.00513614902674917 0.235011169418141 0.999952472820041
-1.11739377675279 -0.01540771476021 0.235 1
-1.11739377675279 0.0154077147602114 0.1175 1
-1.11751770485624 0.00513618971345202 0.117506515545529 0.999944551623381
-1.11751770485624 -0.00513618971345218 0.117506515545529 0.999944551623381
-1.11739377675279 -0.0154077147602115 0.1175 1
-1.11739377675279 0.0154077147602124 0.0391666666666667 1
-1.11752950824957 0.00513621683827881 0.0391690453704537 0.999939270825608
-1.11752950824957 -0.00513621683827897 0.0391690453704537 0.999939270825608
-1.11739377675279 -0.0154077147602124 0.0391666666666667 1
-1.11739377675279 0.0154077147602129 0 1
-1.11753540999299 0.00513623040079965 0 0.999936630426721
-1.11753540999299 -0.0051362304007998 0 0.999936630426721
-1.11739377675279 -0.0154077147602129 0 1
