3
3 3
13 11
0 0 0 0 1 2 3 4 5 6 7 8 9 10 10 10 10 
0 0 0 0 1 2 3 4 5 6 7 8 8 8 8 
0.572040360772995 -0.959987539318455 0.94 1
0.523968984454072 -0.87523373718066 0.932184669935825 1
0.430838761726507 -0.710939944655232 0.917043779757498 1
0.326163207974801 -0.526624145735262 0.900025877112224 1
0.232068080154448 -0.359823373689553 0.884728114958133 1
0.139226306039948 -0.199906466097314 0.869634120069481 1
0.0330766746436726 1.46024778945181E-05 0.852376565385619 1
0.139206469552944 0.199860617868842 0.869630895100588 1
0.232084154383773 0.359853967228904 0.884730728268117 1
0.326121668747181 0.526550222678498 0.900019123763363 1
0.430862248500022 0.710981565464242 0.917047598181292 1
0.523967614525074 0.875231280393008 0.932184447216026 1
0.572040360772995 0.959987539318455 0.94 1
0.572040360772994 -0.959987539318454 0.914314771789463 1
0.530933686889831 -0.87660744846324 0.906334669969664 1
0.447316019906029 -0.71395235831051 0.888623805464446 1
0.339308830171048 -0.529950794646302 0.859931041764951 1
0.239210500828725 -0.36255139941919 0.833391937518352 1
0.140190369348024 -0.201144710266495 0.808556984438665 1
0.0325773939588215 1.3582945969981E-05 0.786409018671289 1
0.140171793947368 0.201102985759399 0.808554829683525 1
0.239228522389473 0.36257839063112 0.833395039934213 1
0.339269087178195 0.529883249905353 0.859926991777392 1
0.447340295834435 0.713990232882436 0.888627109153238 1
0.530932155799984 0.876605374011474 0.906334447006017 1
0.572040360772994 0.959987539318454 0.914314771789463 1
0.572040360772995 -0.959987539318455 0.864656806376494 1
0.544187659295441 -0.879263282657088 0.856489753187932 1
0.479081582548828 -0.719776341335982 0.833735029502684 1
0.366749580877142 -0.536382297423185 0.781151420747999 1
0.257214191934268 -0.367825567365374 0.731526707742598 1
0.14821910503792 -0.203538642125224 0.686631117717595 1
0.0388691641224063 1.161185721682E-05 0.654347434864942 1
0.148202818212041 0.203504890124346 0.686631125259704 1
0.257235747251975 0.36784559409835 0.7315308998321 1
0.366712981482166 0.536327084057794 0.781152802442391 1
0.479107331022186 0.71980697320364 0.833737371178557 1
0.544185830475815 0.879261947385875 0.8564895211194 1
0.572040360772995 0.959987539318455 0.864656806376494 1
0.572040360772995 -0.959987539318455 0.789546088959818 1
0.563275177152043 -0.88328039471524 0.780945965949517 1
0.526717930511282 -0.728585472753869 0.750648038722789 1
0.417468810745789 -0.546110339713699 0.663434942953354 1
0.303523671037362 -0.375803069762726 0.58043628163574 1
0.188399050368782 -0.207159610840645 0.506600319066568 1
0.0813886395017657 8.63046756139491E-06 0.459763386173459 1
0.188385545188715 0.207137917749242 0.506603490754981 1
0.303549520530704 0.375812562297662 0.580441957393763 1
0.417435469532591 0.546073778311566 0.663444306063359 1
0.526745664588849 0.728605149587169 0.750648887450933 1
0.563272960969601 0.883280177499766 0.780945729968676 1
0.572040360772995 0.959987539318455 0.789546088959818 1
0.572040360772995 -0.959987539318455 0.71095671354835 1
0.581652303908322 -0.887483554243959 0.701059272549834 1
0.5758778178558 -0.737802587965445 0.663351520913035 1
0.485840177683234 -0.556288923992747 0.548369140915978 1
0.383665430170135 -0.384150040103341 0.439125907102729 1
0.277006632969353 -0.210948280143845 0.342887357634918 1
0.180693772415926 5.51100349185929E-06 0.285191117533327 1
0.276994908868423 0.21093920446337 0.34289324203136 1
0.383694027297639 0.384148510567806 0.43913221109417 1
0.485807759581891 0.556271878398715 0.548385538843058 1
0.575907228026333 0.737810802395689 0.663350594981767 1
0.581649787016582 0.887484506865278 0.701059087854817 1
0.572040360772995 0.959987539318455 0.71095671354835 1
0.572040360772995 -0.959987539318455 0.633489324159357 1
0.598025158557028 -0.891626707108868 0.620959097746502 1
0.623590036014906 -0.746888114468299 0.57672155870532 1
0.569954328798846 -0.566322193089598 0.447941697632023 1
0.497282089120184 -0.39237784440853 0.326742386420436 1
0.415224026843494 -0.214682860273593 0.221056714675706 1
0.338468868672912 2.43607997511136E-06 0.159661920408243 1
0.415212824514261 0.21468622187987 0.221064313955829 1
0.49731148775872 0.392365450165951 0.326747827443468 1
0.569920104675519 0.566324384688018 0.447962918828143 1
0.623620659735854 0.746885030139051 0.576718542515717 1
0.59802245951919 0.891628812865424 0.620959052427414 1
0.572040360772995 0.959987539318455 0.633489324159357 1
0.572040360772995 -0.959987539318455 0.558204952835689 1
0.613002581243846 -0.89565310661967 0.54184653354369 1
0.669557799877765 -0.755717612355211 0.491989209089993 1
0.660663168431275 -0.576072726342021 0.362529922909286 1
0.626260490035081 -0.400373790564038 0.24275806431206 1
0.57682659604838 -0.218312200558006 0.139739583081629 1
0.523910895704499 -5.52189851801832E-07 0.0813195348544227 1
0.576815239155895 0.218327648975234 0.139747949601471 1
0.62628964508145 0.400350837783349 0.242761276834967 1
0.660625732828871 0.576093613033625 0.362553851919491 1
0.66958936775786 0.755703547663551 0.491983841859604 1
0.612999766466719 0.895656333016141 0.541846706959222 1
0.572040360772995 0.959987539318455 0.558204952835689 1
0.572040360772995 -0.959987539318454 0.481964648114951 1
0.62781390840518 -0.89973063187805 0.460292905477745 1
0.71595669971975 -0.764659223975186 0.405565882493324 1
0.755943315713753 -0.585947068297211 0.289821387340829 1
0.763957255799227 -0.408471266317116 0.186257040353369 1
0.750886578214642 -0.221987624876283 0.0993454583624949 1
0.723956446684271 -3.57840254455732E-06 0.0513706837420508 1
0.750874812430523 0.222015313580217 0.099353584305967 1
0.763985774142307 0.408437620931125 0.186256423496688 1
0.755902072359004 0.585986887466062 0.289845818749228 1
0.715989134037787 0.764634039496463 0.40555777265274 1
0.627810999790847 0.899734993143844 0.460293394641789 1
0.572040360772995 0.959987539318454 0.481964648114951 1
0.572040360772995 -0.959987539318455 0.405908968907505 1
0.642509574727183 -0.903798282894766 0.377771209162813 1
0.762209073591018 -0.773579182354915 0.318852781795424 1
0.851758588466471 -0.595797498287942 0.22847600291848 1
0.90290639950989 -0.416549133011265 0.153057414161681 1
0.926855524090725 -0.225654148690821 0.0930909196593471 1
0.926260895529226 -6.59728663730819E-06 0.0615668916527602 1
0.926843293883641 0.22569404804048 0.0930979799855884 1
0.902934195340502 0.416504820913746 0.15305170124106 1
0.851713422167972 0.595856204086791 0.228499118187032 1
0.762242352156807 0.773542905017089 0.318841642497526 1
0.642506577737364 0.903803776281642 0.377772089772068 1
0.572040360772995 0.959987539318455 0.405908968907505 1
0.572040360772994 -0.959987539318454 0.355505409488283 1
0.652270387313771 -0.90649399335129 0.322638353091139 1
0.792870706683248 -0.779490610099622 0.261196175406193 1
0.915048815332342 -0.602325567440932 0.192084132520091 1
0.994559152400689 -0.421902490421846 0.139882364919095 1
1.04283938878978 -0.228084024446033 0.101917708226482 1
1.05958546175162 -8.59795917600853E-06 0.0835939611910314 1
1.04282686618052 0.228132016025031 0.101923747739625 1
0.994586493177157 0.421851109289644 0.139872788528736 1
0.91500108307703 0.602396789772204 0.192105683057747 1
0.792904550215395 0.779446981311007 0.261182916593356 1
0.652267330331486 0.906500237016555 0.322639522254636 1
0.572040360772994 0.959987539318454 0.355505409488283 1
0.572040360772995 -0.959987539318455 0.33 1
0.657241495577025 -0.907858087471776 0.294697622592057 1
0.808399888107179 -0.78248193426455 0.232002488506306 1
0.946768981003755 -0.60562892694242 0.174073852015309 1
1.04030359487562 -0.424611417618063 0.13405383741321 1
1.1005982326783 -0.229313599834371 0.107616301312163 1
1.12595404552823 -9.6103475443754E-06 0.0961904761308978 1
1.10058558470504 0.229365686275259 0.10762179438876 1
1.04033074030859 0.424556459384719 0.13404225983557 1
0.946720000055492 0.605706482939125 0.174094544989822 1
0.808434025559057 0.78243458546559 0.231988146546266 1
0.657238406144257 0.9078647107959 0.294698940538178 1
0.572040360772995 0.959987539318455 0.33 1
