3
3 3
15 6
0 0 0 0 0.0833335 0.166666661940922 0.25 0.333333323881845 0.4166665 0.499999985822767 0.5833335 0.666666657215178 0.75 0.833333328607589 0.9166665 1 1 1 1 
0 0 0 0 0.333333333333333 0.666666666666667 1 1 1 1 
0.545353415979797 0.975395254078656 0.33 1
0.491033796047779 1.00470664359343 0.308224655447322 1
0.37689539130739 1.05569852221505 0.26629515453406 1
0.193388573712594 1.10492880714897 0.210379533635414 1
0.00178159338537218 1.12253635649543 0.163557902971563 1
-0.192033949602863 1.1068522175124 0.127861187103496 1
-0.382166412803332 1.05620743761824 0.105320319490568 1
-0.561676880134337 0.972858113030377 0.0973393379138926 1
-0.723626193347788 0.85906042360611 0.105322307569209 1
-0.862568005299339 0.719707493829764 0.127865619763383 1
-0.973056066495678 0.559692365879323 0.163565682133599 1
-1.05360058932604 0.384954055905469 0.210388647541689 1
-1.10271176485111 0.201431616678718 0.266300659951252 1
-1.11561851666602 0.077100647703295 0.308226396334939 1
-1.11739377675279 0.0154077147602012 0.33 1
0.545353415979797 0.975395254078656 0.293333333333333 1
0.490877891131597 1.00491150750332 0.273977471508731 1
0.376381690601352 1.05610805750625 0.236706804030275 1
0.192432776926 1.10524784943875 0.187004029898146 1
0.000710854070724853 1.12258507069368 0.145384802641389 1
-0.192932897409003 1.1066566419722 0.11365438853644 1
-0.382647254577622 1.05599948414755 0.0936180617693934 1
-0.561661774480051 0.97283201919659 0.0865238559234601 1
-0.723205773797217 0.859372752360549 0.0936198289504078 1
-0.861949477435668 0.72038789735301 0.113658328678562 1
-0.972563206831662 0.560643586795595 0.145391717452088 1
-1.05339918792759 0.385940917043501 0.187012131148168 1
-1.10280962532581 0.202081021068285 0.236711697734446 1
-1.11571797446669 0.077338015890677 0.273979018964391 1
-1.11739377675279 0.0154077147602025 0.293333333333333 1
0.545353415979797 0.975395254078656 0.22 1
0.490566081299232 1.00532123532311 0.205483103631548 1
0.375354289189277 1.05692712808866 0.177530103022706 1
0.190521183352813 1.10588593401833 0.140253022423609 1
-0.00143062455856947 1.12268249909018 0.109038601981042 1
-0.194730793021281 1.10626549089179 0.0852407914023303 1
-0.383608938126201 1.05558357720619 0.0702135463270451 1
-0.561631563171477 0.972779831529017 0.0648928919425951 1
-0.722364934696072 0.859997409869429 0.0702148717128059 1
-0.860712421708326 0.721748704399502 0.0852437465089218 1
-0.97157748750363 0.562546028628141 0.109043788089066 1
-1.05299638513069 0.387914639319567 0.140259098361126 1
-1.10300534627521 0.203379829847419 0.177533773300834 1
-1.11591689006803 0.0778127522654413 0.205484264223293 1
-1.11739377675279 0.0154077147602051 0.22 1
0.545353415979797 0.975395254078656 0.11 1
0.490098366550684 1.00593582705278 0.102741551815774 1
0.373813187071163 1.05815573396226 0.0887650515113533 1
0.187653792993032 1.1068430608877 0.0701265112118047 1
-0.00464284250251142 1.12282864168492 0.054519300990521 1
-0.1974276364397 1.10567876427117 0.0426203957011652 1
-0.38505146344907 1.05495971679413 0.0351067731635225 1
-0.561586246208618 0.972701550027656 0.0324464459712975 1
-0.721103676044356 0.860934396132747 0.0351074358564029 1
-0.858856838117312 0.72378991496924 0.0426218732544609 1
-0.970098908511582 0.565399691376958 0.0545218940445329 1
-1.05239218093533 0.390875222733664 0.0701295491805631 1
-1.10329892769932 0.20532804301612 0.0887668866504172 1
-1.11621526347003 0.0785248568275876 0.102742132111646 1
-1.11739377675279 0.015407714760209 0.11 1
0.545353415979797 0.975395254078656 0.0366666666666667 1
0.489786556718319 1.00634555487256 0.0342471839385914 1
0.372785785659088 1.05897480454467 0.0295883505037844 1
0.185742199419845 1.10748114546728 0.0233755037372682 1
-0.00678432113180583 1.12292607008141 0.0181731003301737 1
-0.199225532051978 1.10528761319076 0.0142067985670551 1
-0.386013146997649 1.05454380985277 0.0117022577211742 1
-0.561556034900045 0.972649362360082 0.0108154819904325 1
-0.720262836943212 0.861559053641625 0.011702478618801 1
-0.85761978238997 0.725150722015732 0.0142072910848203 1
-0.96911318918355 0.567302133209503 0.018173964681511 1
-1.05198937813842 0.392848945009728 0.023376516393521 1
-1.10349464864872 0.206626851795254 0.0295889622168057 1
-1.11641417907137 0.0789995932023517 0.0342473773705488 1
-1.11739377675279 0.0154077147602116 0.0366666666666667 1
0.545353415979797 0.975395254078656 0 1
0.489630651802137 1.00655041878245 0 1
0.37227208495305 1.05938433983587 0 1
0.184786402633252 1.10780018775707 0 1
-0.00785506044645302 1.12297478427966 0 1
-0.200124479858118 1.10509203765056 0 1
-0.386493988771939 1.05433585638208 0 1
-0.561540929245758 0.972623268526295 0 1
-0.71984241739264 0.861871382396065 0 1
-0.857001254526299 0.725831125538978 0 1
-0.968620329519534 0.568253354125775 0 1
-1.05178797673997 0.393835806147761 0 1
-1.10359250912342 0.207276256184821 0 1
-1.11651363687204 0.0792369613897339 0 1
-1.11739377675279 0.0154077147602129 0 1
