3
3 3
69 8
0 0 0 0 0.03125 0.03125 0.0625 0.0625 0.09375 0.09375 0.125 0.125 0.15625 0.15625 0.1875 0.1875 0.21875 0.21875 0.25 0.25 0.25 0.28125 0.28125 0.3125 0.3125 0.34375 0.34375 0.375 0.375 0.40625 0.40625 0.4375 0.4375 0.46875 0.46875 0.5 0.5 0.5 0.53125 0.53125 0.5625 0.5625 0.59375 0.59375 0.625 0.625 0.65625 0.65625 0.6875 0.6875 0.71875 0.71875 0.75 0.75 0.75 0.78125 0.78125 0.8125 0.8125 0.84375 0.84375 0.875 0.875 0.90625 0.90625 0.9375 0.9375 0.96875 0.96875 1 1 1 1 
0 0 0 0 0.125 0.25 0.5 0.75 1 1 1 1 
1.1175 0 0 1
1.1175 0.0674967643795488 0 0.975592231765545
1.1114005487648 0.135488351132973 0 0.954235434560398
1.08578595437015 0.27390638624607 0 0.917623782208717
1.065899708142 0.343495622129982 0 0.902368927062182
1.01143038739397 0.481082324363808 0 0.877961158827729
0.976816986113638 0.548068753317103 0 0.868808245739807
0.893277101886126 0.675848837048429 0 0.856604361622581
0.844743189979973 0.735640465971962 0 0.853553390593274
0.735640465971961 0.844743189979972 0 0.853553390593274
0.67584883704843 0.893277101886127 0 0.85660436162258
0.548068753317102 0.976816986113637 0 0.868808245739808
0.481082324363809 1.01143038739397 0 0.877961158827728
0.343495622129982 1.065899708142 0 0.902368927062183
0.27390638624607 1.08578595437015 0 0.917623782208717
0.135488351132974 1.1114005487648 0 0.954235434560398
0.0674967643795489 1.1175 0 0.975592231765546
6.84271399023584E-17 1.1175 0 1
-0.0674967643795488 1.1175 0 0.975592231765545
-0.135488351132973 1.1114005487648 0 0.954235434560398
-0.273906386246071 1.08578595437015 0 0.917623782208716
-0.343495622129982 1.065899708142 0 0.902368927062183
-0.481082324363808 1.01143038739397 0 0.877961158827728
-0.548068753317103 0.976816986113637 0 0.868808245739808
-0.67584883704843 0.893277101886126 0 0.856604361622581
-0.735640465971961 0.844743189979973 0 0.853553390593274
-0.844743189979972 0.735640465971961 0 0.853553390593274
-0.893277101886126 0.67584883704843 0 0.856604361622581
-0.976816986113637 0.548068753317102 0 0.868808245739808
-1.01143038739397 0.481082324363809 0 0.877961158827728
-1.065899708142 0.343495622129982 0 0.902368927062182
-1.08578595437015 0.27390638624607 0 0.917623782208717
-1.1114005487648 0.135488351132974 0 0.954235434560398
-1.1175 0.067496764379549 0 0.975592231765546
-1.1175 1.36854279804717E-16 0 1
-1.1175 -0.0674967643795486 0 0.975592231765546
-1.1114005487648 -0.135488351132973 0 0.954235434560398
-1.08578595437015 -0.27390638624607 0 0.917623782208716
-1.065899708142 -0.343495622129982 0 0.902368927062183
-1.01143038739397 -0.481082324363808 0 0.877961158827728
-0.976816986113637 -0.548068753317102 0 0.868808245739808
-0.893277101886126 -0.67584883704843 0 0.856604361622581
-0.844743189979973 -0.735640465971961 0 0.853553390593274
-0.735640465971961 -0.844743189979972 0 0.853553390593274
-0.67584883704843 -0.893277101886126 0 0.85660436162258
-0.548068753317103 -0.976816986113638 0 0.868808245739808
-0.481082324363808 -1.01143038739397 0 0.877961158827729
-0.343495622129983 -1.065899708142 0 0.902368927062182
-0.273906386246071 -1.08578595437015 0 0.917623782208717
-0.135488351132974 -1.1114005487648 0 0.954235434560398
-0.0674967643795491 -1.1175 0 0.975592231765546
-2.05281419707075E-16 -1.1175 0 1
0.0674967643795486 -1.1175 0 0.975592231765546
0.135488351132973 -1.1114005487648 0 0.954235434560398
0.27390638624607 -1.08578595437015 0 0.917623782208716
0.343495622129982 -1.065899708142 0 0.902368927062183
0.481082324363808 -1.01143038739397 0 0.877961158827728
0.548068753317102 -0.976816986113637 0 0.868808245739808
0.67584883704843 -0.893277101886126 0 0.856604361622581
0.735640465971961 -0.844743189979972 0 0.853553390593274
0.844743189979972 -0.735640465971961 0 0.853553390593274
0.893277101886126 -0.67584883704843 0 0.85660436162258
0.976816986113637 -0.548068753317102 0 0.868808245739808
1.01143038739397 -0.481082324363808 0 0.877961158827729
1.065899708142 -0.343495622129982 0 0.902368927062182
1.08578595437015 -0.27390638624607 0 0.917623782208717
1.1114005487648 -0.135488351132974 0 0.954235434560398
1.1175 -0.0674967643795489 0 0.975592231765546
1.1175 0 0 1
1.12927083333333 0 0 1
1.12927083333333 0.0682077202310485 0 0.975592231765545
1.12310713545481 0.136915474891179 0 0.954235434560398
1.09722273781943 0.276791492663464 0 0.917623782208717
1.07712702609689 0.347113724786646 0 0.902368927062182
1.02208396996066 0.486149653097319 0 0.877961158827729
0.987105979349175 0.55384166244507 0 0.868808245739807
0.902686154133807 0.682967677334267 0 0.856604361622581
0.853641025594042 0.743389102498325 0 0.853553390593274
0.743389102498326 0.853641025594041 0 0.853553390593274
0.682967677334268 0.902686154133808 0 0.85660436162258
0.55384166244507 0.987105979349174 0 0.868808245739808
0.48614965309732 1.02208396996066 0 0.877961158827728
0.347113724786646 1.07712702609689 0 0.902368927062183
0.276791492663465 1.09722273781943 0 0.917623782208717
0.136915474891179 1.12310713545481 0 0.954235434560398
0.0682077202310487 1.12927083333333 0 0.975592231765546
6.91478955706065E-17 1.12927083333333 0 1
-0.0682077202310485 1.12927083333333 0 0.975592231765545
-0.136915474891179 1.12310713545481 0 0.954235434560398
-0.276791492663465 1.09722273781943 0 0.917623782208716
-0.347113724786646 1.07712702609689 0 0.902368927062183
-0.48614965309732 1.02208396996066 0 0.877961158827728
-0.553841662445069 0.987105979349174 0 0.868808245739808
-0.682967677334268 0.902686154133808 0 0.856604361622581
-0.743389102498325 0.853641025594042 0 0.853553390593274
-0.853641025594042 0.743389102498325 0 0.853553390593274
-0.902686154133808 0.682967677334268 0 0.856604361622581
-0.987105979349174 0.55384166244507 0 0.868808245739808
-1.02208396996066 0.48614965309732 0 0.877961158827728
-1.07712702609689 0.347113724786646 0 0.902368927062182
-1.09722273781943 0.276791492663465 0 0.917623782208717
-1.12310713545481 0.136915474891179 0 0.954235434560398
-1.12927083333333 0.0682077202310487 0 0.975592231765546
-1.12927083333333 1.38295791141213E-16 0 1
-1.12927083333333 -0.0682077202310484 0 0.975592231765546
-1.12310713545481 -0.136915474891179 0 0.954235434560398
-1.09722273781943 -0.276791492663464 0 0.917623782208716
-1.07712702609689 -0.347113724786646 0 0.902368927062183
-1.02208396996066 -0.48614965309732 0 0.877961158827728
-0.987105979349173 -0.553841662445069 0 0.868808245739808
-0.902686154133808 -0.682967677334268 0 0.856604361622581
-0.853641025594042 -0.743389102498325 0 0.853553390593274
-0.743389102498325 -0.853641025594042 0 0.853553390593274
-0.682967677334269 -0.902686154133808 0 0.85660436162258
-0.55384166244507 -0.987105979349174 0 0.868808245739808
-0.48614965309732 -1.02208396996066 0 0.877961158827729
-0.347113724786646 -1.07712702609689 0 0.902368927062182
-0.276791492663465 -1.09722273781943 0 0.917623782208717
-0.136915474891179 -1.12310713545481 0 0.954235434560398
-0.0682077202310488 -1.12927083333333 0 0.975592231765546
-2.0744368671182E-16 -1.12927083333333 0 1
0.0682077202310484 -1.12927083333333 0 0.975592231765546
0.136915474891179 -1.12310713545481 0 0.954235434560398
0.276791492663464 -1.09722273781943 0 0.917623782208716
0.347113724786646 -1.07712702609689 0 0.902368927062183
0.48614965309732 -1.02208396996066 0 0.877961158827728
0.553841662445069 -0.987105979349173 0 0.868808245739808
0.682967677334268 -0.902686154133808 0 0.856604361622581
0.743389102498325 -0.853641025594042 0 0.853553390593274
0.853641025594042 -0.743389102498325 0 0.853553390593274
0.902686154133808 -0.682967677334268 0 0.85660436162258
0.987105979349174 -0.55384166244507 0 0.868808245739808
1.02208396996066 -0.48614965309732 0 0.877961158827729
1.07712702609689 -0.347113724786646 0 0.902368927062182
1.09722273781943 -0.276791492663465 0 0.917623782208717
1.12310713545481 -0.136915474891179 0 0.954235434560398
1.12927083333333 -0.0682077202310486 0 0.975592231765546
1.12927083333333 0 0 1
1.1528125 0 0 1
1.1528125 0.069629631934048 0 0.975592231765545
1.14652030883483 0.139769722407589 0 0.954235434560398
1.12009630471798 0.282561705498253 0 0.917623782208717
1.09958166200667 0.354349930099973 0 0.902368927062182
1.04339113509406 0.496284310564342 0 0.877961158827729
1.00768396582025 0.565387480701004 0 0.868808245739807
0.921504258629171 0.697205357905944 0 0.856604361622581
0.871436696822181 0.758886375551053 0 0.853553390593274
0.758886375551053 0.871436696822181 0 0.853553390593274
0.697205357905945 0.921504258629172 0 0.85660436162258
0.565387480701004 1.00768396582025 0 0.868808245739808
0.496284310564343 1.04339113509406 0 0.877961158827728
0.354349930099973 1.09958166200666 0 0.902368927062183
0.282561705498253 1.12009630471798 0 0.917623782208717
0.139769722407589 1.14652030883483 0 0.954235434560398
0.0696296319340481 1.1528125 0 0.975592231765546
7.05894069071029E-17 1.1528125 0 1
-0.0696296319340479 1.1528125 0 0.975592231765545
-0.139769722407589 1.14652030883483 0 0.954235434560398
-0.282561705498253 1.12009630471798 0 0.917623782208716
-0.354349930099973 1.09958166200666 0 0.902368927062183
-0.496284310564342 1.04339113509406 0 0.877961158827728
-0.565387480701004 1.00768396582025 0 0.868808245739808
-0.697205357905944 0.921504258629172 0 0.856604361622581
-0.758886375551053 0.871436696822181 0 0.853553390593274
-0.871436696822181 0.758886375551053 0 0.853553390593274
-0.921504258629172 0.697205357905944 0 0.856604361622581
-1.00768396582025 0.565387480701004 0 0.868808245739808
-1.04339113509406 0.496284310564342 0 0.877961158827728
-1.09958166200666 0.354349930099974 0 0.902368927062182
-1.12009630471798 0.282561705498253 0 0.917623782208717
-1.14652030883483 0.139769722407589 0 0.954235434560398
-1.1528125 0.0696296319340482 0 0.975592231765546
-1.1528125 1.41178813814206E-16 0 1
-1.1528125 -0.0696296319340479 0 0.975592231765546
-1.14652030883483 -0.139769722407589 0 0.954235434560398
-1.12009630471798 -0.282561705498253 0 0.917623782208716
-1.09958166200666 -0.354349930099973 0 0.902368927062183
-1.04339113509406 -0.496284310564342 0 0.877961158827728
-1.00768396582025 -0.565387480701004 0 0.868808245739808
-0.921504258629172 -0.697205357905944 0 0.856604361622581
-0.871436696822181 -0.758886375551053 0 0.853553390593274
-0.758886375551053 -0.87143669682218 0 0.853553390593274
-0.697205357905945 -0.921504258629173 0 0.85660436162258
-0.565387480701004 -1.00768396582025 0 0.868808245739808
-0.496284310564343 -1.04339113509406 0 0.877961158827729
-0.354349930099974 -1.09958166200666 0 0.902368927062182
-0.282561705498254 -1.12009630471798 0 0.917623782208717
-0.139769722407589 -1.14652030883483 0 0.954235434560398
-0.0696296319340483 -1.1528125 0 0.975592231765546
-2.11768220721309E-16 -1.1528125 0 1
0.0696296319340478 -1.1528125 0 0.975592231765546
0.139769722407589 -1.14652030883483 0 0.954235434560398
0.282561705498253 -1.12009630471798 0 0.917623782208716
0.354349930099973 -1.09958166200666 0 0.902368927062183
0.496284310564342 -1.04339113509406 0 0.877961158827728
0.565387480701004 -1.00768396582025 0 0.868808245739808
0.697205357905944 -0.921504258629172 0 0.856604361622581
0.758886375551053 -0.871436696822181 0 0.853553390593274
0.87143669682218 -0.758886375551053 0 0.853553390593274
0.921504258629173 -0.697205357905945 0 0.85660436162258
1.00768396582025 -0.565387480701004 0 0.868808245739808
1.04339113509406 -0.496284310564343 0 0.877961158827729
1.09958166200666 -0.354349930099973 0 0.902368927062182
1.12009630471798 -0.282561705498253 0 0.917623782208717
1.14652030883483 -0.139769722407589 0 0.954235434560398
1.1528125 -0.0696296319340481 0 0.975592231765546
1.1528125 0 0 1
1.19989583333333 0 0 1
1.19989583333333 0.0724734553400469 0 0.975592231765545
1.19334665559487 0.14547821744041 0 0.954235434560398
1.16584343851508 0.29410213116783 0 0.917623782208717
1.14449093382622 0.368822340726628 0 0.902368927062182
1.08600546536084 0.516553625498388 0 0.877961158827729
1.0488399387624 0.588479117212873 0 0.868808245739807
0.959140467619899 0.725680719049297 0 0.856604361622581
0.907028039278459 0.789880921656508 0 0.853553390593274
0.789880921656508 0.907028039278458 0 0.853553390593274
0.725680719049298 0.9591404676199 0 0.85660436162258
0.588479117212873 1.0488399387624 0 0.868808245739808
0.516553625498389 1.08600546536084 0 0.877961158827728
0.368822340726628 1.14449093382622 0 0.902368927062183
0.294102131167831 1.16584343851508 0 0.917623782208717
0.14547821744041 1.19334665559487 0 0.954235434560398
0.072473455340047 1.19989583333333 0 0.975592231765546
7.34724295800956E-17 1.19989583333333 0 1
-0.0724734553400468 1.19989583333333 0 0.975592231765545
-0.14547821744041 1.19334665559487 0 0.954235434560398
-0.29410213116783 1.16584343851508 0 0.917623782208716
-0.368822340726628 1.14449093382622 0 0.902368927062183
-0.516553625498388 1.08600546536084 0 0.877961158827728
-0.588479117212873 1.0488399387624 0 0.868808245739808
-0.725680719049297 0.9591404676199 0 0.856604361622581
-0.789880921656508 0.907028039278458 0 0.853553390593274
-0.907028039278458 0.789880921656508 0 0.853553390593274
-0.9591404676199 0.725680719049298 0 0.856604361622581
-1.0488399387624 0.588479117212873 0 0.868808245739808
-1.08600546536084 0.516553625498388 0 0.877961158827728
-1.14449093382622 0.368822340726629 0 0.902368927062182
-1.16584343851508 0.29410213116783 0 0.917623782208717
-1.19334665559487 0.145478217440411 0 0.954235434560398
-1.19989583333333 0.072473455340047 0 0.975592231765546
-1.19989583333333 1.46944859160191E-16 0 1
-1.19989583333333 -0.0724734553400467 0 0.975592231765546
-1.19334665559487 -0.14547821744041 0 0.954235434560398
-1.16584343851508 -0.29410213116783 0 0.917623782208716
-1.14449093382622 -0.368822340726628 0 0.902368927062183
-1.08600546536084 -0.516553625498388 0 0.877961158827728
-1.0488399387624 -0.588479117212873 0 0.868808245739808
-0.9591404676199 -0.725680719049298 0 0.856604361622581
-0.907028039278458 -0.789880921656508 0 0.853553390593274
-0.789880921656509 -0.907028039278458 0 0.853553390593274
-0.725680719049298 -0.9591404676199 0 0.85660436162258
-0.588479117212873 -1.0488399387624 0 0.868808245739808
-0.516553625498388 -1.08600546536084 0 0.877961158827729
-0.368822340726628 -1.14449093382622 0 0.902368927062182
-0.294102131167831 -1.16584343851508 0 0.917623782208717
-0.145478217440411 -1.19334665559487 0 0.954235434560398
-0.0724734553400472 -1.19989583333333 0 0.975592231765546
-2.20417288740287E-16 -1.19989583333333 0 1
0.0724734553400467 -1.19989583333333 0 0.975592231765546
0.14547821744041 -1.19334665559487 0 0.954235434560398
0.29410213116783 -1.16584343851508 0 0.917623782208716
0.368822340726628 -1.14449093382622 0 0.902368927062183
0.516553625498388 -1.08600546536084 0 0.877961158827728
0.588479117212873 -1.0488399387624 0 0.868808245739808
0.725680719049297 -0.9591404676199 0 0.856604361622581
0.789880921656508 -0.907028039278458 0 0.853553390593274
0.907028039278458 -0.789880921656509 0 0.853553390593274
0.9591404676199 -0.725680719049298 0 0.85660436162258
1.0488399387624 -0.588479117212873 0 0.868808245739808
1.08600546536084 -0.516553625498388 0 0.877961158827729
1.14449093382622 -0.368822340726628 0 0.902368927062182
1.16584343851508 -0.294102131167831 0 0.917623782208717
1.19334665559487 -0.14547821744041 0 0.954235434560398
1.19989583333333 -0.072473455340047 0 0.975592231765546
1.19989583333333 0 0 1
1.25875 0 0 1
1.25875 0.0760282345975455 0 0.975592231765545
1.25187958904492 0.152613836231437 0 0.954235434560398
1.22302735576146 0.308527663254802 0 0.917623782208717
1.20062752360066 0.386912854009947 0 0.902368927062182
1.13927337819432 0.541890269165945 0 0.877961158827729
1.10028490494008 0.617343662852709 0 0.868808245739807
1.00618572885831 0.761274920478488 0 0.856604361622581
0.951517217348805 0.828624104288328 0 0.853553390593274
0.828624104288328 0.951517217348805 0 0.853553390593274
0.761274920478489 1.00618572885831 0 0.85660436162258
0.617343662852709 1.10028490494008 0 0.868808245739808
0.541890269165946 1.13927337819432 0 0.877961158827728
0.386912854009947 1.20062752360066 0 0.902368927062183
0.308527663254802 1.22302735576146 0 0.917623782208717
0.152613836231437 1.25187958904492 0 0.954235434560398
0.0760282345975456 1.25875 0 0.975592231765546
7.70762079213365E-17 1.25875 0 1
-0.0760282345975454 1.25875 0 0.975592231765545
-0.152613836231437 1.25187958904492 0 0.954235434560398
-0.308527663254802 1.22302735576146 0 0.917623782208716
-0.386912854009946 1.20062752360066 0 0.902368927062183
-0.541890269165945 1.13927337819432 0 0.877961158827728
-0.617343662852709 1.10028490494008 0 0.868808245739808
-0.761274920478488 1.00618572885831 0 0.856604361622581
-0.828624104288328 0.951517217348806 0 0.853553390593274
-0.951517217348806 0.828624104288328 0 0.853553390593274
-1.00618572885831 0.761274920478489 0 0.856604361622581
-1.10028490494008 0.61734366285271 0 0.868808245739808
-1.13927337819432 0.541890269165945 0 0.877961158827728
-1.20062752360066 0.386912854009947 0 0.902368927062182
-1.22302735576146 0.308527663254802 0 0.917623782208717
-1.25187958904492 0.152613836231437 0 0.954235434560398
-1.25875 0.0760282345975457 0 0.975592231765546
-1.25875 1.54152415842673E-16 0 1
-1.25875 -0.0760282345975453 0 0.975592231765546
-1.25187958904492 -0.152613836231437 0 0.954235434560398
-1.22302735576146 -0.308527663254802 0 0.917623782208716
-1.20062752360066 -0.386912854009946 0 0.902368927062183
-1.13927337819432 -0.541890269165945 0 0.877961158827728
-1.10028490494008 -0.617343662852709 0 0.868808245739808
-1.00618572885831 -0.761274920478489 0 0.856604361622581
-0.951517217348806 -0.828624104288328 0 0.853553390593274
-0.828624104288328 -0.951517217348806 0 0.853553390593274
-0.761274920478489 -1.00618572885831 0 0.85660436162258
-0.61734366285271 -1.10028490494008 0 0.868808245739808
-0.541890269165945 -1.13927337819432 0 0.877961158827729
-0.386912854009947 -1.20062752360066 0 0.902368927062182
-0.308527663254802 -1.22302735576146 0 0.917623782208717
-0.152613836231437 -1.25187958904492 0 0.954235434560398
-0.0760282345975457 -1.25875 0 0.975592231765546
-2.3122862376401E-16 -1.25875 0 1
0.0760282345975452 -1.25875 0 0.975592231765546
0.152613836231436 -1.25187958904492 0 0.954235434560398
0.308527663254802 -1.22302735576146 0 0.917623782208716
0.386912854009946 -1.20062752360066 0 0.902368927062183
0.541890269165945 -1.13927337819432 0 0.877961158827728
0.617343662852709 -1.10028490494008 0 0.868808245739808
0.761274920478489 -1.00618572885831 0 0.856604361622581
0.828624104288327 -0.951517217348806 0 0.853553390593274
0.951517217348805 -0.828624104288328 0 0.853553390593274
1.00618572885831 -0.761274920478489 0 0.85660436162258
1.10028490494008 -0.61734366285271 0 0.868808245739808
1.13927337819432 -0.541890269165945 0 0.877961158827729
1.20062752360066 -0.386912854009947 0 0.902368927062182
1.22302735576146 -0.308527663254802 0 0.917623782208717
1.25187958904492 -0.152613836231437 0 0.954235434560398
1.25875 -0.0760282345975456 0 0.975592231765546
1.25875 0 0 1
1.329375 0 0 1
1.329375 0.0802939697065438 0 0.975592231765545
1.32211910918497 0.161176578780668 0 0.954235434560398
1.29164805645711 0.325838301759167 0 0.917623782208717
1.26799143133 0.408621469949928 0 0.902368927062183
1.2031948735945 0.572294241567014 0 0.877961158827728
1.1620188643533 0.651981117620512 0 0.868808245739809
1.0626400423444 0.803987962193518 0 0.85660436162258
1.00490423103322 0.875115923446511 0 0.853553390593274
0.875115923446511 1.00490423103322 0 0.853553390593274
0.803987962193518 1.0626400423444 0 0.85660436162258
0.651981117620513 1.1620188643533 0 0.868808245739808
0.572294241567014 1.2031948735945 0 0.877961158827728
0.408621469949929 1.26799143133 0 0.902368927062183
0.325838301759168 1.29164805645711 0 0.917623782208717
0.161176578780668 1.32211910918497 0 0.954235434560398
0.080293969706544 1.329375 0 0.975592231765546
8.14007419308256E-17 1.329375 0 1
-0.0802939697065438 1.329375 0 0.975592231765545
-0.161176578780668 1.32211910918497 0 0.954235434560398
-0.325838301759168 1.29164805645711 0 0.917623782208717
-0.408621469949928 1.26799143132999 0 0.902368927062182
-0.572294241567013 1.2031948735945 0 0.877961158827729
-0.651981117620512 1.1620188643533 0 0.868808245739808
-0.803987962193518 1.0626400423444 0 0.856604361622581
-0.875115923446511 1.00490423103322 0 0.853553390593274
-1.00490423103322 0.875115923446511 0 0.853553390593274
-1.0626400423444 0.803987962193519 0 0.85660436162258
-1.1620188643533 0.651981117620513 0 0.868808245739808
-1.2031948735945 0.572294241567014 0 0.877961158827728
-1.26799143133 0.408621469949929 0 0.902368927062182
-1.29164805645711 0.325838301759168 0 0.917623782208717
-1.32211910918497 0.161176578780668 0 0.954235434560398
-1.329375 0.080293969706544 0 0.975592231765546
-1.329375 1.62801483861651E-16 0 1
-1.329375 -0.0802939697065437 0 0.975592231765545
-1.32211910918497 -0.161176578780668 0 0.954235434560398
-1.29164805645711 -0.325838301759168 0 0.917623782208716
-1.26799143132999 -0.408621469949928 0 0.902368927062183
-1.2031948735945 -0.572294241567014 0 0.877961158827728
-1.1620188643533 -0.651981117620512 0 0.868808245739808
-1.0626400423444 -0.803987962193518 0 0.856604361622581
-1.00490423103322 -0.875115923446511 0 0.853553390593274
-0.875115923446511 -1.00490423103322 0 0.853553390593274
-0.803987962193518 -1.0626400423444 0 0.856604361622581
-0.651981117620513 -1.1620188643533 0 0.868808245739808
-0.572294241567013 -1.2031948735945 0 0.877961158827729
-0.408621469949929 -1.26799143133 0 0.902368927062182
-0.325838301759168 -1.29164805645711 0 0.917623782208717
-0.161176578780668 -1.32211910918497 0 0.954235434560398
-0.0802939697065441 -1.329375 0 0.975592231765546
-2.44202225792477E-16 -1.329375 0 1
0.0802939697065436 -1.329375 0 0.975592231765545
0.161176578780668 -1.32211910918497 0 0.954235434560398
0.325838301759168 -1.29164805645711 0 0.917623782208716
0.408621469949928 -1.26799143132999 0 0.902368927062183
0.572294241567013 -1.2031948735945 0 0.877961158827728
0.651981117620512 -1.1620188643533 0 0.868808245739808
0.803987962193518 -1.0626400423444 0 0.856604361622581
0.875115923446511 -1.00490423103322 0 0.853553390593274
1.00490423103322 -0.875115923446511 0 0.853553390593274
1.0626400423444 -0.803987962193518 0 0.856604361622581
1.1620188643533 -0.651981117620513 0 0.868808245739808
1.2031948735945 -0.572294241567013 0 0.877961158827729
1.26799143133 -0.408621469949929 0 0.902368927062182
1.29164805645711 -0.325838301759168 0 0.917623782208717
1.32211910918497 -0.161176578780668 0 0.954235434560398
1.329375 -0.080293969706544 0 0.975592231765546
1.329375 0 0 1
1.37645833333333 0 0 1
1.37645833333333 0.0831377931125427 0 0.975592231765545
1.36894545594501 0.166885073813489 0 0.954235434560398
1.33739519025421 0.337378727428745 0 0.917623782208717
1.31290070314955 0.423093880576583 0 0.902368927062183
1.24580920386129 0.592563556501059 0 0.877961158827728
1.20317483729545 0.675072754132381 0 0.868808245739809
1.10027625133513 0.832463323336871 0 0.85660436162258
1.0404955734895 0.906110469551966 0 0.853553390593274
0.906110469551967 1.0404955734895 0 0.853553390593274
0.832463323336872 1.10027625133513 0 0.85660436162258
0.675072754132382 1.20317483729545 0 0.868808245739808
0.59256355650106 1.24580920386129 0 0.877961158827728
0.423093880576583 1.31290070314955 0 0.902368927062183
0.337378727428745 1.33739519025421 0 0.917623782208717
0.166885073813489 1.36894545594501 0 0.954235434560398
0.0831377931125429 1.37645833333333 0 0.975592231765546
8.42837646038183E-17 1.37645833333333 0 1
-0.0831377931125427 1.37645833333333 0 0.975592231765545
-0.166885073813489 1.36894545594501 0 0.954235434560398
-0.337378727428745 1.33739519025421 0 0.917623782208717
-0.423093880576583 1.31290070314955 0 0.902368927062182
-0.592563556501059 1.24580920386129 0 0.877961158827729
-0.675072754132382 1.20317483729545 0 0.868808245739808
-0.832463323336871 1.10027625133513 0 0.856604361622581
-0.906110469551966 1.0404955734895 0 0.853553390593274
-1.0404955734895 0.906110469551967 0 0.853553390593274
-1.10027625133513 0.832463323336871 0 0.856604361622581
-1.20317483729545 0.675072754132382 0 0.868808245739808
-1.24580920386129 0.592563556501059 0 0.877961158827728
-1.31290070314955 0.423093880576584 0 0.902368927062182
-1.33739519025421 0.337378727428745 0 0.917623782208717
-1.36894545594501 0.166885073813489 0 0.954235434560398
-1.37645833333333 0.0831377931125429 0 0.975592231765546
-1.37645833333333 1.68567529207637E-16 0 1
-1.37645833333333 -0.0831377931125426 0 0.975592231765545
-1.36894545594501 -0.166885073813489 0 0.954235434560398
-1.33739519025421 -0.337378727428745 0 0.917623782208716
-1.31290070314955 -0.423093880576583 0 0.902368927062183
-1.24580920386129 -0.592563556501059 0 0.877961158827728
-1.20317483729545 -0.675072754132381 0 0.868808245739808
-1.10027625133513 -0.832463323336871 0 0.856604361622581
-1.0404955734895 -0.906110469551966 0 0.853553390593274
-0.906110469551967 -1.0404955734895 0 0.853553390593274
-0.832463323336871 -1.10027625133513 0 0.85660436162258
-0.675072754132382 -1.20317483729545 0 0.868808245739808
-0.592563556501059 -1.24580920386129 0 0.877961158827729
-0.423093880576584 -1.31290070314955 0 0.902368927062182
-0.337378727428745 -1.33739519025421 0 0.917623782208717
-0.166885073813489 -1.36894545594501 0 0.954235434560398
-0.083137793112543 -1.37645833333333 0 0.975592231765546
-2.52851293811455E-16 -1.37645833333333 0 1
0.0831377931125425 -1.37645833333333 0 0.975592231765545
0.166885073813489 -1.36894545594501 0 0.954235434560398
0.337378727428745 -1.33739519025421 0 0.917623782208716
0.423093880576583 -1.31290070314955 0 0.902368927062183
0.592563556501059 -1.24580920386129 0 0.877961158827728
0.675072754132381 -1.20317483729545 0 0.868808245739808
0.83246332333687 -1.10027625133513 0 0.856604361622581
0.906110469551966 -1.0404955734895 0 0.853553390593274
1.0404955734895 -0.906110469551967 0 0.853553390593274
1.10027625133513 -0.832463323336871 0 0.85660436162258
1.20317483729545 -0.675072754132382 0 0.868808245739808
1.24580920386129 -0.592563556501059 0 0.877961158827729
1.31290070314955 -0.423093880576583 0 0.902368927062182
1.33739519025421 -0.337378727428745 0 0.917623782208717
1.36894545594501 -0.166885073813489 0 0.954235434560398
1.37645833333333 -0.0831377931125428 0 0.975592231765546
1.37645833333333 0 0 1
1.4 0 0 1
1.4 0.0845597048155421 0 0.975592231765545
1.39235862932503 0.1697393213299 0 0.954235434560398
1.36026875715276 0.343148940263533 0 0.917623782208717
1.33535533905933 0.430330085889911 0 0.902368927062182
1.26711636899468 0.602698213968081 0 0.877961158827729
1.22375282376653 0.686618572388317 0 0.868808245739807
1.11909435583049 0.846701003908547 0 0.856604361622581
1.05829124471764 0.921607742604695 0 0.853553390593274
0.921607742604694 1.05829124471764 0 0.853553390593274
0.846701003908548 1.11909435583049 0 0.85660436162258
0.686618572388316 1.22375282376652 0 0.868808245739808
0.602698213968082 1.26711636899468 0 0.877961158827728
0.430330085889911 1.33535533905933 0 0.902368927062183
0.343148940263534 1.36026875715276 0 0.917623782208717
0.1697393213299 1.39235862932503 0 0.954235434560398
0.0845597048155423 1.4 0 0.975592231765546
8.57252759403147E-17 1.4 0 1
-0.0845597048155421 1.4 0 0.975592231765545
-0.1697393213299 1.39235862932503 0 0.954235434560398
-0.343148940263533 1.36026875715276 0 0.917623782208716
-0.43033008588991 1.33535533905933 0 0.902368927062183
-0.602698213968082 1.26711636899468 0 0.877961158827728
-0.686618572388316 1.22375282376653 0 0.868808245739808
-0.846701003908547 1.11909435583049 0 0.856604361622581
-0.921607742604694 1.05829124471764 0 0.853553390593274
-1.05829124471764 0.921607742604694 0 0.853553390593274
-1.11909435583049 0.846701003908547 0 0.856604361622581
-1.22375282376653 0.686618572388316 0 0.868808245739808
-1.26711636899468 0.602698213968082 0 0.877961158827728
-1.33535533905933 0.430330085889911 0 0.902368927062182
-1.36026875715276 0.343148940263533 0 0.917623782208717
-1.39235862932503 0.1697393213299 0 0.954235434560398
-1.4 0.0845597048155423 0 0.975592231765546
-1.4 1.71450551880629E-16 0 1
-1.4 -0.084559704815542 0 0.975592231765546
-1.39235862932503 -0.1697393213299 0 0.954235434560398
-1.36026875715276 -0.343148940263533 0 0.917623782208716
-1.33535533905933 -0.43033008588991 0 0.902368927062183
-1.26711636899468 -0.602698213968082 0 0.877961158827728
-1.22375282376652 -0.686618572388315 0 0.868808245739808
-1.11909435583049 -0.846701003908548 0 0.856604361622581
-1.05829124471764 -0.921607742604694 0 0.853553390593274
-0.921607742604695 -1.05829124471764 0 0.853553390593274
-0.846701003908548 -1.11909435583049 0 0.85660436162258
-0.686618572388316 -1.22375282376653 0 0.868808245739808
-0.602698213968082 -1.26711636899468 0 0.877961158827729
-0.430330085889911 -1.33535533905933 0 0.902368927062182
-0.343148940263534 -1.36026875715276 0 0.917623782208717
-0.1697393213299 -1.39235862932503 0 0.954235434560398
-0.0845597048155424 -1.4 0 0.975592231765546
-2.57175827820944E-16 -1.4 0 1
0.0845597048155419 -1.4 0 0.975592231765546
0.1697393213299 -1.39235862932503 0 0.954235434560398
0.343148940263533 -1.36026875715276 0 0.917623782208716
0.43033008588991 -1.33535533905933 0 0.902368927062183
0.602698213968082 -1.26711636899468 0 0.877961158827728
0.686618572388315 -1.22375282376652 0 0.868808245739808
0.846701003908547 -1.11909435583049 0 0.856604361622581
0.921607742604693 -1.05829124471764 0 0.853553390593274
1.05829124471764 -0.921607742604695 0 0.853553390593274
1.11909435583049 -0.846701003908548 0 0.85660436162258
1.22375282376652 -0.686618572388317 0 0.868808245739808
1.26711636899468 -0.602698213968082 0 0.877961158827729
1.33535533905933 -0.430330085889911 0 0.902368927062182
1.36026875715276 -0.343148940263533 0 0.917623782208717
1.39235862932503 -0.1697393213299 0 0.954235434560398
1.4 -0.0845597048155422 0 0.975592231765546
1.4 0 0 1
