3
3 3
4 7
0 0 0 0 1 1 1 1 
0 0 0 0 0.25 0.5 0.75 1 1 1 1 
0.572040360772995 0.959987539318455 0.94 1
0.563144712508596 0.965123444238522 0.94 1
0.554249064244197 0.970259349158589 0.94 1
0.545353415979797 0.975395254078656 0.94 1
0.572040360772995 0.959987539318455 0.861666666666667 1
0.563150637038982 0.965133651582524 0.86167121697811 0.999994719202227
0.554254941798215 0.97026958362441 0.861671216978111 0.999994719202226
0.545353415979797 0.975395254078656 0.861666666666667 1
0.572040360772995 0.959987539318455 0.705 1
0.563162486287474 0.965154066593951 0.705011169064235 0.99998415760668
0.554266697092483 0.970290052880333 0.705011169064235 0.99998415760668
0.545353415979797 0.975395254078656 0.705 1
0.572040360772995 0.959987539318455 0.47 1
0.563180260629528 0.965184689919675 0.47001489232158 0.99996831521336
0.554284330499481 0.97032075757495 0.470014892321581 0.99996831521336
0.545353415979797 0.975395254078656 0.47 1
0.572040360772995 0.959987539318455 0.235 1
0.563198035534785 0.965215314215737 0.235011169418141 0.999952472820041
0.554301964465215 0.970351463242483 0.235011169418141 0.999952472820041
0.545353415979797 0.975395254078656 0.235 1
0.572040360772995 0.959987539318455 0.0783333333333333 1
0.563209885784527 0.965235730952212 0.0783378838850839 0.999941911224494
0.554313720752794 0.970371934228039 0.0783378838850839 0.999941911224494
0.545353415979797 0.975395254078656 0.0783333333333333 1
0.572040360772995 0.959987539318455 0 1
0.563215811003272 0.965245939482186 0 0.999936630426722
0.554319598989713 0.970382169882981 0 0.999936630426721
0.545353415979797 0.975395254078656 0 1
