3
3 3
15 6
0 0 0 0 0.0833335 0.166666661940922 0.25 0.333333323881843 0.4166665 0.499999985822765 0.5833335 0.666666657215177 0.75 0.833333328607588 0.9166665 1 1 1 1 
0 0 0 0 0.333333333333333 0.666666666666667 1 1 1 1 
-1.11739377675279 -0.0154077147602015 0.33 1
-1.1156183747268 -0.0771055803026329 0.308224655447322 1
-1.10270943462962 -0.201448277666049 0.26629515453406 1
-1.05359070322054 -0.384984985937738 0.210379533635414 1
-0.973035798089357 -0.559725273116772 0.163557902971563 1
-0.862545163799446 -0.719732387501343 0.127861187103495 1
-0.723619266241795 -0.859069540769977 0.105320319490568 1
-0.561681400094927 -0.972855503429914 0.0973393379138926 1
-0.382155053554816 -1.05620887808607 0.105322307569209 1
-0.192000970300936 -1.10685955199578 0.127865619763383 1
0.00182022609213132 -1.12253745583148 0.163565682133599 1
0.193420302959032 -1.10492190375134 0.21038864754169 1
0.376910985256416 -1.05569220975239 0.266300659951252 1
0.491038138773722 -1.00470430021673 0.308226396334939 1
0.545353415979797 -0.975395254078656 0.33 1
-1.11739377675279 -0.0154077147602027 0.293333333333333 1
-1.11571783961899 -0.0773430298755687 0.273977471508731 1
-1.10280725224253 -0.202097923173022 0.236706804030275 1
-1.05338910355508 -0.385972251380679 0.187004029898145 1
-0.97254261616524 -0.560676917663211 0.145384802641389 1
-0.861926316510199 -0.720413111368034 0.11365438853644 1
-0.723198752366232 -0.859381985226371 0.0936180617693934 1
-0.561666354999129 -0.972829374632668 0.0865238559234601 1
-0.382635747965779 -1.05600094845225 0.093619828950408 1
-0.192899480968727 -1.10666409291452 0.113658328678563 1
0.000750014782021177 -1.12258623730008 0.145391717452088 1
0.192464955444263 -1.10524091559294 0.187012131148169 1
0.376397514795074 -1.05610166160429 0.236711697734446 1
0.490882300793735 -1.00490911729241 0.273979018964391 1
0.545353415979797 -0.975395254078656 0.293333333333333 1
-1.11739377675279 -0.0154077147602053 0.22 1
-1.11591676940338 -0.0778179290214404 0.205483103631548 1
-1.10300288746834 -0.203397214186968 0.177530103022706 1
-1.05298590422416 -0.387946782266561 0.140253022423609 1
-0.971556252317006 -0.562580206756091 0.109038601981042 1
-0.860688621931705 -0.721774559101415 0.0852407914023301 1
-0.722357724615107 -0.860006874139158 0.070213546327045 1
-0.561636264807532 -0.972777117038175 0.0648928919425951 1
-0.383597136787704 -1.0555850891846 0.070214871712806 1
-0.194696502304307 -1.10627317475199 0.0852437465089221 1
-0.00139040783819896 -1.12268380023727 0.109043788089066 1
0.190554260414725 -1.10587893927614 0.140259098361126 1
0.375370573872389 -1.0569205653081 0.177533773300834 1
0.490570624833759 -1.00531875144376 0.205484264223293 1
0.545353415979797 -0.975395254078656 0.22 1
-1.11739377675279 -0.0154077147602091 0.11 1
-1.11621516407996 -0.0785302777402479 0.102741551815774 1
-1.10329634030707 -0.205346150707887 0.0887650515113532 1
-1.05238110522779 -0.390908578595384 0.0701265112118046 1
-0.970076706544655 -0.565435140395409 0.054519300990521 1
-0.858832080063965 -0.723816730701488 0.0426203957011651 1
-0.721096182988419 -0.860944207508339 0.0351067731635225 1
-0.561591129520138 -0.972698730646435 0.0324464459712975 1
-0.385039220020593 -1.05496130028313 0.035107435856403 1
-0.197392034307679 -1.10568679750819 0.0426218732544611 1
-0.00460104176852956 -1.12283014464307 0.054521894044533 1
0.187688217870419 -1.10683597480094 0.0701295491805632 1
0.373830162488362 -1.0581489208638 0.0887668866504172 1
0.490103110893796 -1.00593320267078 0.102742132111646 1
0.545353415979797 -0.975395254078657 0.11 1
-1.11739377675279 -0.0154077147602116 0.0366666666666667 1
-1.11641409386434 -0.0790051768861195 0.0342471839385914 1
-1.10349197553288 -0.206645441721833 0.0295883505037844 1
-1.05197790589687 -0.392883109481266 0.0233755037372682 1
-0.96909034269642 -0.567338429488288 0.0181731003301737 1
-0.857594385485471 -0.725178178434869 0.014206798567055 1
-0.720255155237294 -0.861569096421125 0.0117022577211742 1
-0.561561039328542 -0.972646473051942 0.0108154819904325 1
-0.386000608842518 -1.05454544101548 0.011702478618801 1
-0.199189055643259 -1.10529587934567 0.0142072910848204 1
-0.0067414643887497 -1.12292770758026 0.018173964681511 1
0.185777522840881 -1.10747399848414 0.0233765163935211 1
0.372803221565677 -1.0589678245676 0.0295889622168057 1
0.48979143493382 -1.00634283682213 0.0342473773705488 1
0.545353415979797 -0.975395254078656 0.0366666666666667 1
-1.11739377675279 -0.0154077147602129 0 1
-1.11651355875654 -0.0792426264590553 0 1
-1.10358979314579 -0.207295087228806 0 1
-1.05177630623141 -0.393870374924207 0 1
-0.968597160772303 -0.568290074034728 0 1
-0.856975538196224 -0.725858902301559 0 1
-0.719834641361731 -0.861881540877519 0 1
-0.561545994232743 -0.972620344254696 0 1
-0.386481303253481 -1.05433751138166 0 1
-0.20008756631105 -1.1051004202644 0 1
-0.00781167569885984 -1.12297648904886 0 1
0.184822175326112 -1.10779301032573 0 1
0.372289751104334 -1.0593772764195 0 1
0.489635596953833 -1.0065476538978 0 1
0.545353415979797 -0.975395254078656 0 1
