3
3 3
13 11
0 0 0 0 1 2 3 4 5 6 7 8 9 10 10 10 10 
0 0 0 0 1 2 3 4 5 6 7 8 8 8 8 
0.545353415979797 0.975395254078656 0.94 1
0.495990158420607 0.89138731992269 0.932184669935826 1
0.400272671773277 0.7285872849178 0.917043779757498 1
0.292988284465616 0.545777696753603 0.900025877112218 1
0.195582142413357 0.380888539665969 0.884728114958126 1
0.103510925001116 0.220526750954246 0.869634120069467 1
-0.0165509834387188 0.0286379392751462 0.85237656538562 1
-0.242687607066988 0.0206260300696479 0.869630895100603 1
-0.427684754464763 0.0210637898977514 0.884730728268123 1
-0.619066703581553 0.0191545385204013 0.900019123763369 1
-0.831159221564469 0.0176468700005803 0.917047598181291 1
-1.01995633026968 0.0161536247425406 0.932184447216028 1
-1.11739377675279 0.0154077147602012 0.94 1
0.545353415979797 0.975395254078656 0.914314771789463 1
0.493697476070908 0.898105784803146 0.906334669969665 1
0.394642869435694 0.74436321591362 0.888623805464446 1
0.289296435833927 0.558825463979627 0.859931041764946 1
0.194373471660263 0.38843807027923 0.833391937518346 1
0.104101244253676 0.22198077635449 0.808556984438651 1
-0.0163004601557409 0.0282060592844119 0.786409018671289 1
-0.244246191418265 0.0208408415728311 0.808554829683538 1
-0.433616358344595 0.0258887823835643 0.833395039934219 1
-0.628526899047019 0.0288740232624153 0.859926991777397 1
-0.842003827647369 0.0304129438878476 0.888627109153237 1
-1.0246286008879 0.0214980476030845 0.906334447006019 1
-1.11739377675279 0.0154077147602012 0.914314771789463 1
0.545353415979797 0.975395254078656 0.864656806376493 1
0.489370509748214 0.910911978704387 0.856489753187931 1
0.383803805365564 0.774784991640526 0.833735029502684 1
0.281145905270171 0.585805602578465 0.781151420747997 1
0.189939189532714 0.406666808111613 0.731526707742593 1
0.102160082213316 0.230130831351583 0.686631117717584 1
-0.0194446382245888 0.0336558776252323 0.654347434864942 1
-0.250341813748101 0.02659496042197 0.686631125259716 1
-0.447181502785365 0.0388498948325346 0.731530899832105 1
-0.647829370272789 0.0494192158322082 0.781152802442395 1
-0.862924790126626 0.0550156332027512 0.833737371178554 1
-1.03355609825507 0.0316477798786485 0.856489521119403 1
-1.11739377675279 0.0154077147602012 0.864656806376494 1
0.545353415979797 0.975395254078656 0.789546088959818 1
0.483305671912123 0.929450810092469 0.780945965949516 1
0.367614562977501 0.820443844828471 0.75064803872279 1
0.264211022088524 0.634593765250356 0.663434942953353 1
0.173693169716027 0.450760744649599 0.580436281635736 1
0.0852059604417475 0.266738169088499 0.506600319066559 1
-0.0407017939550713 0.0704803141541822 0.459763386173458 1
-0.27357947145224 0.05957770896465 0.506603490754992 1
-0.477237986276468 0.0749753149373713 0.580441957393766 1
-0.681631499124683 0.0884728319001428 0.663444306063361 1
-0.894363401165069 0.091872552073676 0.750648887450931 1
-1.04657955285884 0.0461686047146684 0.780945729968679 1
-1.11739377675279 0.0154077147602012 0.789546088959818 1
0.545353415979797 0.975395254078656 0.71095671354835 1
0.477757151462013 0.947467448476332 0.701059272549832 1
0.351016875228076 0.867626113721792 0.663351520913036 1
0.238840251180021 0.698894398049179 0.548369140915979 1
0.140850978509252 0.524339029132868 0.439125907102727 1
0.0441832530045708 0.345368921240133 0.342887357634911 1
-0.0903516588770037 0.15648264171608 0.285191117533327 1
-0.321176164153588 0.134415025567382 0.342893242031367 1
-0.524529382626507 0.140214519636238 0.439132211094171 1
-0.724649457895137 0.14258592195418 0.548385538843057 1
-0.926916512074408 0.129844888496038 0.663350594981765 1
-1.05940902191874 0.0599812382295242 0.701059087854821 1
-1.11739377675279 0.0154077147602012 0.71095671354835 1
0.545353415979797 0.975395254078656 0.633489324159357 1
0.473158799770433 0.963718332967036 0.620959097746501 1
0.335029062906752 0.913488869969911 0.576721558705319 1
0.205472241543096 0.776756024281491 0.447941697632025 1
0.0911681365798907 0.626847844229322 0.326742386420436 1
-0.0216912026676695 0.466935985644903 0.221056714675701 1
-0.169236544043599 0.293121420620933 0.159661920408243 1
-0.39353013424761 0.252241743066556 0.221064313955835 1
-0.588454191290396 0.234501656909935 0.326747827443469 1
-0.775411356260184 0.210403096432494 0.447962918828141 1
-0.958631739674646 0.166628818586538 0.576718542515714 1
-1.07118443244722 0.0720882355445512 0.620959052427418 1
-1.11739377675279 0.0154077147602012 0.633489324159357 1
0.545353415979797 0.975395254078657 0.558204952835689 1
0.469157052689166 0.978702361252441 0.541846533543688 1
0.319691750448049 0.957712870173766 0.491989209089994 1
0.168562031223928 0.860187450377198 0.362529922909289 1
0.0336036286204086 0.742544389038877 0.24275806431206 1
-0.0993493863848327 0.608702586035384 0.139739583081627 1
-0.261954969641793 0.453720421094492 0.0813195348544224 1
-0.477484909939033 0.39037282591143 0.139747949601474 1
-0.659858818487488 0.342207323876027 0.242761276834966 1
-0.829224570259523 0.284071860506719 0.362553851919488 1
-0.989253153885586 0.202029628750495 0.491983841859601 1
-1.08216102068576 0.0830452037660295 0.541846706959227 1
-1.11739377675279 0.0154077147602013 0.558204952835689 1
0.545353415979797 0.975395254078656 0.48196464811495 1
0.465282629566827 0.993568109467106 0.460292905477743 1
0.30423596334073 1.00236630195456 0.405565882493324 1
0.129473388561541 0.947639649377746 0.289821387340833 1
-0.028232134552968 0.865842024086128 0.186257040353371 1
-0.18319636663865 0.761280664532782 0.0993454583624948 1
-0.361975124354593 0.626966463263386 0.0513706837420507 1
-0.567708307804889 0.539269005836639 0.0993535843059677 1
-0.735710242658779 0.457412278071622 0.186256423496686 1
-0.885430567009686 0.361636953703187 0.289845818749223 1
-1.02018706982114 0.237747759162118 0.405557772652737 1
-1.09309886063182 0.0938327780222496 0.460293394641794 1
-1.11739377675279 0.0154077147602012 0.48196464811495 1
0.545353415979797 0.975395254078657 0.405908968907504 1
0.461457485520032 1.00832875533586 0.377771209162813 1
0.288834686962642 1.04688201190228 0.318852781795424 1
0.0900964747953558 1.0355433246475 0.228476002918485 1
-0.0907110686427781 0.990214445720738 0.153057414161685 1
-0.268005536809722 0.915507503845917 0.0930909196593496 1
-0.463124734346737 0.802168764703783 0.0615668916527601 1
-0.658878426027805 0.689822813810271 0.0930979799855867 1
-0.812170853380228 0.573711540653687 0.153051701241057 1
-0.941883320825711 0.439677358298267 0.228499118187028 1
-1.05102898274041 0.273349788299659 0.318841642497523 1
-1.1039703191649 0.104525130278328 0.377772089772072 1
-1.11739377675279 0.0154077147602013 0.405908968907505 1
0.545353415979797 0.975395254078655 0.355505409488283 1
0.458911632963335 1.01812972222569 0.32263835309114 1
0.278623317016078 1.07639147895402 0.261196175406192 1
0.0641048350865745 1.09361830350113 0.192084132520097 1
-0.131901301575075 1.07226473675624 0.139882364919099 1
-0.323893135027195 1.01716741498201 0.101917708226486 1
-0.52978528482468 0.917632226337193 0.0835939611910312 1
-0.718981554384473 0.78904854984876 0.101923747739622 1
-0.862627023848039 0.650411614707499 0.139872788528731 1
-0.979191464639431 0.491215787548899 0.192105683057743 1
-1.07147316182612 0.296951992607308 0.261182916593353 1
-1.1111858989587 0.111629959617435 0.322639522254641 1
-1.11739377675279 0.0154077147602012 0.355505409488283 1
0.545353415979797 0.975395254078656 0.33 1
0.457607418993203 1.02311687532687 0.294697622592057 1
0.273449289021895 1.09133580664959 0.232002488506306 1
0.0511055454969896 1.12274045253556 0.174073852015315 1
-0.152427523043612 1.1132350496196 0.134053837413215 1
-0.351707713449286 1.06780282877686 0.107616301312167 1
-0.562968699958932 0.975109612095116 0.0961904761308977 1
-0.748929303423321 0.838452232255912 0.107621794388756 1
-0.887842049322217 0.688674619752774 0.134042259835565 1
-0.997917201489947 0.517030328849316 0.174094544989818 1
-1.08182524059227 0.308907110685072 0.231988146546264 1
-1.11485310582079 0.115252800665759 0.294698940538182 1
-1.11739377675279 0.0154077147602012 0.33 1
