3
3 3
13 11
0 0 0 0 1 2 3 4 5 6 7 8 9 10 10 10 10 
0 0 0 0 1 2 3 4 5 6 7 8 8 8 8 
-1.11739377675279 -0.0154077147602015 0.94 1
-1.01995914287471 -0.016153582742033 0.932184669935829 1
-0.831111433499649 -0.0176473402625739 0.917043779757486 1
-0.619151492440395 -0.0191535510183363 0.900025877112217 1
-0.427650222567721 -0.021065165976402 0.884728114958118 1
-0.242737231040932 -0.0206202848568508 0.869634120069452 1
-0.0165256912048812 -0.0286525417531607 0.85237656538562 1
0.103481137513911 -0.220486647938572 0.869630895100617 1
0.195600600080943 -0.380917757126715 0.88473072826813 1
0.292945034834339 -0.545704761198951 0.900019123763374 1
0.400296973064454 -0.728628435464822 0.917047598181291 1
0.495988715744595 -0.891384905135554 0.932184447216027 1
0.545353415979797 -0.975395254078656 0.94 1
-1.11739377675279 -0.0154077147602015 0.914314771789463 1
-1.02463116296077 -0.0214983363399079 0.906334669969668 1
-0.84195888934159 -0.0304108576031184 0.888623805464431 1
-0.628605266004954 -0.0288746693333176 0.859931041764945 1
-0.433583972488907 -0.0258866708600238 0.83339193751834 1
-0.244291613601576 -0.0208360660879145 0.808556984438637 1
-0.0162769338030143 -0.0282196422304915 0.78640901867129 1
0.104074397470768 -0.221943827332307 0.808554829683552 1
0.194387835955074 -0.38846717301474 0.833395039934226 1
0.289257811868792 -0.558757273167818 0.859926991777402 1
0.394663531812941 -0.744403176770281 0.888627109153236 1
0.493696445087909 -0.898103421614565 0.906334447006019 1
0.545353415979797 -0.975395254078655 0.914314771789463 1
-1.11739377675279 -0.0154077147602015 0.864656806376494 1
-1.03355816904369 -0.0316486960472988 0.856489753187937 1
-0.862885387914264 -0.0550086503045557 0.833735029502659 1
-0.647895486147298 -0.0494233051552703 0.781151420748001 1
-0.44715338146691 -0.0388412407462204 0.731526707742584 1
-0.250379187251124 -0.0265921892262787 0.686631117717571 1
-0.0194245258977637 -0.0336674894825391 0.654347434864942 1
0.102138995535938 -0.230099850546383 0.686631125259727 1
0.189945755533342 -0.406695488930933 0.731530899832109 1
0.281116388790591 -0.585746299890046 0.781152802442398 1
0.383817459104447 -0.774822606406391 0.833737371178553 1
0.489370267779241 -0.910909727264531 0.856489521119402 1
0.545353415979797 -0.975395254078657 0.864656806376494 1
-1.11739377675279 -0.0154077147602015 0.789546088959818 1
-1.04658084906419 -0.0461704153772241 0.780945965949524 1
-0.894332493488663 -0.0918583720746229 0.750648038722752 1
-0.681679832834302 -0.0884834255366414 0.663434942953362 1
-0.477216840753327 -0.0749576748868506 0.580436281635731 1
-0.273605010810435 -0.0595785582477762 0.506600319066549 1
-0.0406868455466585 -0.0704889446218029 0.459763386173459 1
0.0851939262634123 -0.266715626713942 0.506603490755 1
0.173688465745718 -0.450787877235068 0.580441957393771 1
0.26419602959206 -0.634546610211742 0.66344430606336 1
0.367617736576226 -0.820477701660842 0.75064888745093 1
0.483306591889228 -0.929448782214442 0.780945729968678 1
0.545353415979797 -0.975395254078656 0.789546088959818 1
-1.11739377675279 -0.0154077147602015 0.71095671354835 1
-1.05940945537036 -0.0599838942323648 0.701059272549842 1
-0.926894693083766 -0.129823525756382 0.663351520912988 1
-0.724680428863249 -0.142605474056409 0.548369140915993 1
-0.524516408679338 -0.1401889890295 0.439125907102721 1
-0.321189885973849 -0.134420641096211 0.342887357634903 1
-0.0903421135389067 -0.156488152719601 0.285191117533326 1
0.0441812552850622 -0.345354230030787 0.342893242031374 1
0.140835355328821 -0.524363030204068 0.439132211094172 1
0.238841698313213 -0.698857800352922 0.548385538843054 1
0.351009284048081 -0.867655690891723 0.663350594981762 1
0.477759234902147 -0.947465745094813 0.701059087854821 1
0.545353415979797 -0.975395254078657 0.71095671354835 1
-1.11739377675279 -0.0154077147602015 0.633489324159357 1
-1.07118395832748 -0.072091625858155 0.620959097746511 1
-0.958619098921562 -0.166600755501663 0.576721558705267 1
-0.775426570341938 -0.21043383119186 0.447941697632042 1
-0.588450225700037 -0.234469999820762 0.326742386420432 1
-0.393532824175768 -0.252253125371234 0.221056714675696 1
-0.169232324629315 -0.293123856700906 0.159661920408243 1
-0.0216826902667434 -0.466927964946443 0.22106431395584 1
0.0911427035316309 -0.626867107075898 0.326747827443469 1
0.205491251584631 -0.77672748112053 0.447962918828138 1
0.335011079938797 -0.913513848725583 0.576718542515712 1
0.473161972928026 -0.963717048409987 0.620959052427418 1
0.545353415979797 -0.975395254078656 0.633489324159357 1
-1.11739377675279 -0.0154077147602015 0.558204952835689 1
-1.08215963393303 -0.08304925463275 0.5418465335437 1
-0.989249550325733 -0.201995257818628 0.491989209089937 1
-0.829225199655202 -0.284114724035134 0.362529922909309 1
-0.659864118655464 -0.342170598474804 0.242758064312058 1
-0.47747720966351 -0.390390385477304 0.139739583081625 1
-0.261955926062728 -0.453719868904608 0.0813195348544222 1
-0.0993303292169447 -0.608700474886665 0.139747949601477 1
0.0335691734059912 -0.742558161659376 0.242761276834964 1
0.168598837430617 -0.860165473540355 0.362553851919483 1
0.319663786127729 -0.957733176414041 0.4919838418596 1
0.469161254219034 -0.978701536782182 0.541846706959226 1
0.545353415979797 -0.975395254078657 0.558204952835689 1
-1.11739377675279 -0.0154077147602015 0.48196464811495 1
-1.09309653797202 -0.0938374775890326 0.460292905477755 1
-1.02019266306041 -0.237707077979471 0.40556588249327 1
-0.885416704275295 -0.361692581080479 0.289821387340853 1
-0.735725121246245 -0.457370757768973 0.18625704035337 1
-0.567690211575972 -0.539293039656426 0.0993454583624952 1
-0.361981322329719 -0.626962884860777 0.0513706837420506 1
-0.183166504625705 -0.761284319416842 0.0993535843059676 1
-0.0282755314835739 -0.865849899002735 0.186256423496683 1
0.129528494650646 -0.947623841169253 0.289845818749218 1
0.304197935783356 -1.00238179865857 0.405557772652736 1
0.465287860840963 -0.993567771166105 0.460293394641792 1
0.545353415979797 -0.975395254078656 0.48196464811495 1
-1.11739377675279 -0.0154077147602015 0.405908968907504 1
-1.10396706024723 -0.104530472441064 0.377771209162823 1
-1.05104376055361 -0.27330282954748 0.318852781795376 1
-0.941855063261831 -0.439745826359497 0.228476002918503 1
-0.812195330867107 -0.573665312709429 0.153057414161685 1
-0.658849987281004 -0.689853355155026 0.0930909196593526 1
-0.463136161182547 -0.802162167417051 0.0615668916527598 1
-0.267964867855897 -0.915516861850721 0.0930979799855841 1
-0.090763341960318 -0.990216361567408 0.153051701241051 1
0.0901698986577003 -1.03553356238505 0.228499118187021 1
0.288786630583606 -1.04689269331674 0.318841642497522 1
0.461463741427527 -1.00832890655998 0.37777208977207 1
0.545353415979797 -0.975395254078656 0.405908968907504 1
-1.11739377675279 -0.0154077147602015 0.355505409488283 1
-1.11118202027711 -0.111635728874363 0.322638353091151 1
-1.07149402369929 -0.296900868854532 0.261196175406149 1
-0.97915365041892 -0.491292736060121 0.192084132520115 1
-0.862657850825618 -0.650362246334349 0.139882364919101 1
-0.718946253762595 -0.789083390535905 0.101917708226491 1
-0.529800176927012 -0.917623628377904 0.0835939611910313 1
-0.323845311796103 -1.01718056587375 0.101923747739617 1
-0.131959469329166 -1.07226272399711 0.139872788528726 1
0.0641903815623641 -1.09361257732109 0.192105683057735 1
0.278568611610727 -1.07639897391831 0.261182916593354 1
0.458918568627208 -1.018130196634 0.322639522254637 1
0.545353415979797 -0.975395254078656 0.355505409488283 1
-1.11739377675279 -0.0154077147602015 0.33 1
-1.11484891457024 -0.115258787855057 0.294697622592068 1
-1.08184917712904 -0.308853872385175 0.232002488506265 1
-0.99787452650075 -0.51711152559307 0.174073852015332 1
-0.887876071832014 -0.688623632001486 0.134053837413218 1
-0.74889051922903 -0.838489228942418 0.107616301312173 1
-0.562985345569372 -0.975100001747448 0.0961904761308976 1
-0.35165628128177 -1.06781791853113 0.10762179438875 1
-0.152488690986417 -1.11323107913746 0.13404225983556 1
0.0511972014344168 -1.12273681178843 0.174094544989811 1
0.273391215033216 -1.09134169615066 0.231988146546265 1
0.457614699676534 -1.02311751146167 0.294698940538178 1
0.545353415979797 -0.975395254078656 0.33 1
