3
3 3
15 6
0 0 0 0 0.0833335 0.166666661940922 0.25 0.333333323881844 0.4166665 0.499999985822766 0.5833335 0.666666657215178 0.75 0.833333328607589 0.9166665 1 1 1 1 
0 0 0 0 0.333333333333333 0.666666666666667 1 1 1 1 
0.572040360772995 -0.959987539318455 0.33 1
0.624584578679021 -0.9276010632908 0.308224655447322 1
0.725814043322229 -0.854250244549001 0.26629515453406 1
0.860202129507944 -0.719943821211227 0.210379533635414 1
0.971254204703986 -0.562811083378663 0.163557902971563 1
1.05457911340231 -0.38711983001106 0.127861187103495 1
1.10578567904513 -0.197137896848262 0.105320319490568 1
1.12335828022927 -2.60960046329084E-06 0.0973393379138926 1
1.10578124690261 0.197148454479961 0.105322307569209 1
1.05456897560028 0.387152058166017 0.127865619763383 1
0.971235840403547 0.562845089952156 0.163565682133599 1
0.860180286367013 0.719967847845876 0.210388647541689 1
0.725800779594694 0.854260593073675 0.266300659951252 1
0.624580377892298 0.927603652513439 0.308226396334939 1
0.572040360772995 0.959987539318455 0.33 1
0.572040360772995 -0.959987539318455 0.293333333333333 1
0.624839948487397 -0.927568477627757 0.273977471508731 1
0.726425561641175 -0.854010134333231 0.236706804030275 1
0.86095632662908 -0.719275598058076 0.187004029898146 1
0.971831762094517 -0.561908153030472 0.145384802641389 1
1.0548592139192 -0.386243530604164 0.11365438853644 1
1.10584600694386 -0.196617498921184 0.0936180617693935 1
1.12332812947918 -2.64456392286977E-06 0.0865238559234601 1
1.105841521763 0.196628196091698 0.0936198289504079 1
1.0548489584044 0.386276195561507 0.113658328678563 1
0.971813192049642 0.561942650504482 0.145391717452088 1
0.86093423248333 0.719299998549443 0.187012131148168 1
0.726412110530738 0.85402064053601 0.236711697734446 1
0.624835673672954 0.927571101401732 0.273979018964391 1
0.572040360772995 0.959987539318455 0.293333333333333 1
0.572040360772995 -0.959987539318455 0.22 1
0.625350688104148 -0.92750330630167 0.205483103631548 1
0.727648598279067 -0.853529913901692 0.177530103022706 1
0.862464720871351 -0.717939151751774 0.140253022423609 1
0.972986876875578 -0.560102292334089 0.109038601981042 1
1.05541941495299 -0.384490931790373 0.0852407914023303 1
1.10596666274131 -0.195576703067029 0.0702135463270451 1
1.12326782797901 -2.71449084206926E-06 0.0648928919425951 1
1.10596207148378 0.195587679315173 0.070214871712806 1
1.05540892401264 0.384524470352487 0.085243746508922 1
0.972967895341832 0.560137771609134 0.109043788089066 1
0.862442124715964 0.717964299956577 0.140259098361126 1
0.727634772402826 0.85354073546068 0.177533773300834 1
0.625346265234267 0.927505999178319 0.205484264223293 1
0.572040360772995 0.959987539318455 0.22 1
0.572040360772995 -0.959987539318455 0.11 1
0.626116797529276 -0.92740554931254 0.102741551815774 1
0.729483153235906 -0.852809583254383 0.0887650515113532 1
0.864727312234757 -0.715934482292321 0.0701265112118046 1
0.974719549047171 -0.557393501289514 0.054519300990521 1
1.05625971650367 -0.381862033569686 0.0426203957011652 1
1.10614764643749 -0.194015509285797 0.0351067731635226 1
1.12317737572876 -2.81938122062564E-06 0.0324464459712976 1
1.10614289606495 0.194026904150386 0.035107435856403 1
1.056248872425 0.381896882538957 0.042621873254461 1
0.974699950280117 0.557430453266113 0.054521894044533 1
0.864703963064916 0.715960752067279 0.0701295491805632 1
0.729468765210957 0.852820877847684 0.0887668866504172 1
0.626112152576236 0.927408345843198 0.102742132111646 1
0.572040360772994 0.959987539318455 0.11 1
0.572040360772995 -0.959987539318455 0.0366666666666667 1
0.626627537146027 -0.927340377986454 0.0342471839385914 1
0.730706189873799 -0.852329362822844 0.0295883505037844 1
0.866235706477028 -0.714598035986019 0.0233755037372682 1
0.975874663828232 -0.55558764059313 0.0181731003301737 1
1.05681991753746 -0.380109434755894 0.0142067985670551 1
1.10626830223495 -0.192974713431641 0.0117022577211742 1
1.12311707422859 -2.88930813974186E-06 0.0108154819904325 1
1.10626344578573 0.192986387373861 0.011702478618801 1
1.05680883803324 0.380145157329936 0.0142072910848203 1
0.975854653572307 0.555625574370765 0.018173964681511 1
0.86621185529755 0.714625053474413 0.0233765163935211 1
0.730691427083045 0.852340972772354 0.0295889622168057 1
0.626622744137549 0.927343243619784 0.0342473773705488 1
0.572040360772994 0.959987539318455 0.0366666666666667 1
0.572040360772995 -0.959987539318455 0 1
0.626882906954403 -0.927307792323411 0 1
0.731317708192745 -0.852089252607074 0 1
0.866989903598164 -0.713929812832867 0 1
0.976452221218763 -0.554684710244939 0 1
1.05710001805435 -0.379233135348999 0 1
1.10632863013367 -0.192454315504564 0 1
1.1230869234785 -2.92427159931385E-06 0 1
1.10632372064612 0.192466128985598 0 1
1.05708882083736 0.379269294725426 0 1
0.976432005218401 0.554723134923091 0 1
0.866965801413867 0.71395720417798 0 1
0.731302758019089 0.852101020234689 0 1
0.626878039918205 0.927310692508078 0 1
0.572040360772995 0.959987539318455 0 1
