3
3 3
4 7
0 0 0 0 1 1 1 1 
0 0 0 0 0.25 0.5 0.75 1 1 1 1 
-1.11739377675279 0.0154077147602012 0.94 1
-1.11739377675279 0.00513590492006701 0.94 1
-1.11739377675279 -0.00513590492006723 0.94 1
-1.11739377675279 -0.0154077147602015 0.94 1
-1.11739377675279 0.0154077147602022 0.861666666666667 1
-1.1174055788372 0.00513593204188582 0.86167121697811 0.999994719202227
-1.1174055788372 -0.00513593204188604 0.861671216978111 0.999994719202226
-1.11739377675279 -0.0154077147602024 0.861666666666667 1
-1.11739377675279 0.0154077147602042 0.705 1
-1.11742918337996 0.00513598628638281 0.705011169064235 0.99998415760668
-1.11742918337996 -0.00513598628638301 0.705011169064235 0.99998415760668
-1.11739377675279 -0.0154077147602043 0.705 1
-1.11739377675279 0.0154077147602071 0.47 1
-1.11746459112901 0.00513606765527677 0.47001489232158 0.99996831521336
-1.11746459112901 -0.00513606765527696 0.470014892321581 0.99996831521336
-1.11739377675279 -0.0154077147602072 0.47 1
-1.11739377675279 0.01540771476021 0.235 1
-1.1175 0.00513614902674901 0.235011169418141 0.999952472820041
-1.1175 -0.00513614902674917 0.235011169418141 0.999952472820041
-1.11739377675279 -0.01540771476021 0.235 1
-1.11739377675279 0.0154077147602119 0.0783333333333333 1
-1.11752360653732 0.0051362032758296 0.0783378838850839 0.999941911224494
-1.11752360653732 -0.00513620327582976 0.0783378838850839 0.999941911224494
-1.11739377675279 -0.0154077147602119 0.0783333333333333 1
-1.11739377675279 0.0154077147602129 0 1
-1.11753540999299 0.00513623040079965 0 0.999936630426721
-1.11753540999299 -0.0051362304007998 0 0.999936630426721
-1.11739377675279 -0.0154077147602129 0 1
